,Unnamed: 0.1,Unnamed: 0,match_id,shotX,shotY,quarter,time_remaining,player,team,made,shot_type,distance,score,opp,status
0,0,0,200212170ATL,33.7,17.3,1st quarter,11:43.0,Michael Jordan,WAS,True,2-pointer,16,2-0,'WAS',leads
1,1,1,200212170ATL,10.9,5.3,1st quarter,10:51.0,Brendan Haywood,WAS,False,2-pointer,13,2-2,'WAS',tied
2,2,2,200212170ATL,24.0,5.0,1st quarter,10:28.0,Michael Jordan,WAS,True,2-pointer,0,4-2,'WAS',leads
3,3,3,200212170ATL,30.4,19.0,1st quarter,9:58.0,Michael Jordan,WAS,False,2-pointer,15,4-2,'WAS',leads
4,4,4,200212170ATL,11.2,26.4,1st quarter,9:35.0,Jerry Stackhouse,WAS,True,3-pointer,25,7-2,'WAS',leads
5,5,5,200212170ATL,14.0,24.4,1st quarter,8:22.0,Larry Hughes,WAS,True,2-pointer,22,9-6,'WAS',leads
6,6,6,200212170ATL,8.4,7.2,1st quarter,7:57.0,Michael Jordan,WAS,True,2-pointer,16,11-8,'WAS',leads
7,7,7,200212170ATL,24.0,5.0,1st quarter,7:39.0,Larry Hughes,WAS,True,2-pointer,0,13-8,'WAS',leads
8,8,8,200212170ATL,37.1,5.0,1st quarter,7:07.0,Christian Laettner,WAS,True,2-pointer,13,15-10,'WAS',leads
9,9,9,200212170ATL,7.7,16.7,1st quarter,6:28.0,Jerry Stackhouse,WAS,False,2-pointer,20,15-12,'WAS',leads
10,10,10,200212170ATL,24.0,5.0,1st quarter,5:50.0,Larry Hughes,WAS,True,2-pointer,0,17-14,'WAS',leads
11,11,11,200212170ATL,36.3,5.5,1st quarter,5:13.0,Jerry Stackhouse,WAS,True,2-pointer,12,19-14,'WAS',leads
12,12,12,200212170ATL,30.2,7.2,1st quarter,4:38.0,Christian Laettner,WAS,False,2-pointer,7,19-16,'WAS',leads
13,13,13,200212170ATL,24.0,5.0,1st quarter,4:36.0,Brendan Haywood,WAS,False,2-pointer,0,19-16,'WAS',leads
14,14,14,200212170ATL,6.9,24.2,1st quarter,3:57.0,Jerry Stackhouse,WAS,True,3-pointer,26,22-16,'WAS',leads
15,15,15,200212170ATL,38.6,17.7,1st quarter,3:31.0,Michael Jordan,WAS,False,2-pointer,19,22-16,'WAS',leads
16,16,16,200212170ATL,12.5,12.4,1st quarter,2:57.0,Larry Hughes,WAS,False,2-pointer,14,22-18,'WAS',leads
17,17,17,200212170ATL,25.8,23.9,1st quarter,2:39.0,Larry Hughes,WAS,False,2-pointer,19,22-18,'WAS',leads
18,18,18,200212170ATL,24.0,5.0,1st quarter,2:37.0,Jerry Stackhouse,WAS,True,2-pointer,0,24-18,'WAS',leads
19,19,19,200212170ATL,38.9,25.1,1st quarter,1:47.0,Jerry Stackhouse,WAS,True,3-pointer,25,27-18,'WAS',leads
20,20,20,200212170ATL,8.1,5.0,1st quarter,1:17.0,Jerry Stackhouse,WAS,False,2-pointer,16,27-18,'WAS',leads
21,21,21,200212170ATL,24.0,5.0,1st quarter,0:49.2,Bryon Russell,WAS,False,2-pointer,0,27-20,'WAS',leads
22,22,22,200212170ATL,24.0,5.0,1st quarter,0:48.9,Brendan Haywood,WAS,True,2-pointer,0,29-20,'WAS',leads
23,23,23,200212170ATL,3.5,19.8,1st quarter,0:28.4,Tyronn Lue,WAS,True,3-pointer,25,32-20,'WAS',leads
24,24,24,200212170ATL,38.1,6.5,1st quarter,0:00.4,Jerry Stackhouse,WAS,True,2-pointer,14,34-22,'WAS',leads
25,25,25,200212170ATL,24.0,5.0,2nd quarter,10:42.0,Tyronn Lue,WAS,True,2-pointer,0,37-22,'WAS',leads
26,26,26,200212170ATL,24.0,5.0,2nd quarter,9:43.0,Kwame Brown,WAS,False,2-pointer,0,38-25,'WAS',leads
27,27,27,200212170ATL,24.0,5.0,2nd quarter,9:40.0,Kwame Brown,WAS,True,2-pointer,0,40-25,'WAS',leads
28,28,28,200212170ATL,7.6,5.3,2nd quarter,9:08.0,Christian Laettner,WAS,False,2-pointer,16,40-27,'WAS',leads
29,29,29,200212170ATL,47.2,15.7,2nd quarter,8:40.0,Bryon Russell,WAS,True,3-pointer,26,43-27,'WAS',leads
30,30,30,200212170ATL,24.0,5.0,2nd quarter,7:45.0,Michael Jordan,WAS,True,2-pointer,0,46-29,'WAS',leads
31,31,31,200212170ATL,34.2,6.8,2nd quarter,6:57.0,Michael Jordan,WAS,True,2-pointer,10,48-31,'WAS',leads
32,32,32,200212170ATL,40.4,19.6,2nd quarter,5:41.0,Michael Jordan,WAS,True,2-pointer,22,52-34,'WAS',leads
33,33,33,200212170ATL,33.2,13.9,2nd quarter,5:05.0,Jerry Stackhouse,WAS,False,2-pointer,13,52-36,'WAS',leads
34,34,34,200212170ATL,8.6,7.3,2nd quarter,4:54.0,Tyronn Lue,WAS,False,2-pointer,16,52-36,'WAS',leads
35,35,35,200212170ATL,7.2,8.1,2nd quarter,3:53.0,Michael Jordan,WAS,True,2-pointer,17,54-36,'WAS',leads
36,36,36,200212170ATL,9.7,6.8,2nd quarter,2:47.0,Christian Laettner,WAS,True,2-pointer,14,58-40,'WAS',leads
37,37,37,200212170ATL,16.9,21.9,2nd quarter,1:35.0,Jerry Stackhouse,WAS,True,2-pointer,18,60-45,'WAS',leads
38,38,38,200212170ATL,33.8,20.5,2nd quarter,0:57.9,Michael Jordan,WAS,True,2-pointer,18,62-47,'WAS',leads
39,39,39,200212170ATL,24.0,5.0,2nd quarter,0:08.3,Larry Hughes,WAS,True,2-pointer,0,64-50,'WAS',leads
40,40,40,200212170ATL,24.0,5.0,3rd quarter,11:28.0,Brendan Haywood,WAS,True,2-pointer,0,66-55,'WAS',leads
41,41,41,200212170ATL,34.5,3.6,3rd quarter,10:54.0,Larry Hughes,WAS,False,2-pointer,11,66-57,'WAS',leads
42,42,42,200212170ATL,21.2,8.3,3rd quarter,10:50.0,Larry Hughes,WAS,False,2-pointer,4,66-57,'WAS',leads
43,43,43,200212170ATL,32.5,5.2,3rd quarter,10:22.0,Michael Jordan,WAS,True,2-pointer,9,68-57,'WAS',leads
44,44,44,200212170ATL,14.8,28.8,3rd quarter,9:40.0,Jerry Stackhouse,WAS,False,3-pointer,26,68-59,'WAS',leads
45,45,45,200212170ATL,24.0,5.0,3rd quarter,9:17.0,Brendan Haywood,WAS,True,2-pointer,0,70-59,'WAS',leads
46,46,46,200212170ATL,17.1,5.3,3rd quarter,7:17.0,Larry Hughes,WAS,False,2-pointer,7,74-64,'WAS',leads
47,47,47,200212170ATL,36.3,3.7,3rd quarter,6:40.0,Michael Jordan,WAS,False,2-pointer,12,74-64,'WAS',leads
48,48,48,200212170ATL,27.8,5.2,3rd quarter,6:38.0,Brendan Haywood,WAS,True,2-pointer,4,76-64,'WAS',leads
49,49,49,200212170ATL,10.9,15.5,3rd quarter,4:43.0,Michael Jordan,WAS,True,2-pointer,17,80-67,'WAS',leads
50,50,50,200212170ATL,42.1,7.6,3rd quarter,4:08.0,Jerry Stackhouse,WAS,False,2-pointer,18,80-69,'WAS',leads
51,51,51,200212170ATL,20.1,15.9,3rd quarter,3:08.0,Christian Laettner,WAS,False,2-pointer,12,80-69,'WAS',leads
52,52,52,200212170ATL,37.5,4.4,3rd quarter,2:26.0,Michael Jordan,WAS,False,2-pointer,14,80-71,'WAS',leads
53,53,53,200212170ATL,24.0,5.0,3rd quarter,1:34.0,Tyronn Lue,WAS,True,2-pointer,0,82-75,'WAS',leads
54,54,54,200212170ATL,10.0,6.3,3rd quarter,1:00.0,Christian Laettner,WAS,True,2-pointer,14,84-77,'WAS',leads
55,55,55,200212170ATL,33.2,19.0,3rd quarter,0:32.3,Tyronn Lue,WAS,False,2-pointer,17,84-79,'WAS',leads
56,56,56,200212170ATL,32.5,19.3,4th quarter,11:40.0,Jerry Stackhouse,WAS,False,2-pointer,17,86-79,'WAS',leads
57,57,57,200212170ATL,21.7,31.5,4th quarter,11:04.0,Bryon Russell,WAS,False,3-pointer,27,86-79,'WAS',leads
58,58,58,200212170ATL,0.7,5.7,4th quarter,10:33.0,Bryon Russell,WAS,False,3-pointer,23,86-81,'WAS',leads
59,59,59,200212170ATL,12.0,26.4,4th quarter,10:00.0,Jerry Stackhouse,WAS,False,3-pointer,25,86-81,'WAS',leads
60,60,60,200212170ATL,23.4,28.8,4th quarter,9:29.0,Tyronn Lue,WAS,True,3-pointer,24,89-81,'WAS',leads
61,61,61,200212170ATL,42.4,3.6,4th quarter,8:57.0,Tyronn Lue,WAS,False,2-pointer,18,89-81,'WAS',leads
62,62,62,200212170ATL,44.0,21.6,4th quarter,8:27.0,Larry Hughes,WAS,False,3-pointer,26,89-84,'WAS',leads
63,63,63,200212170ATL,39.8,6.0,4th quarter,7:51.0,Charles Oakley,WAS,True,2-pointer,16,91-86,'WAS',leads
64,64,64,200212170ATL,24.0,5.0,4th quarter,6:44.0,Jerry Stackhouse,WAS,True,2-pointer,0,95-86,'WAS',leads
65,65,65,200212170ATL,41.6,19.0,4th quarter,5:39.0,Michael Jordan,WAS,False,2-pointer,22,95-89,'WAS',leads
66,66,66,200212170ATL,24.0,5.0,4th quarter,5:00.0,Larry Hughes,WAS,True,2-pointer,0,97-89,'WAS',leads
67,67,67,200212170ATL,17.1,20.3,4th quarter,3:47.0,Michael Jordan,WAS,False,2-pointer,17,98-89,'WAS',leads
68,68,68,200212170ATL,24.0,5.0,4th quarter,3:32.0,Michael Jordan,WAS,True,2-pointer,0,100-89,'WAS',leads
69,69,69,200212170ATL,25.3,8.0,4th quarter,2:32.0,Michael Jordan,WAS,True,2-pointer,3,102-95,'WAS',leads
70,70,70,200212170ATL,24.0,5.0,4th quarter,2:16.0,Jerry Stackhouse,WAS,True,2-pointer,0,104-95,'WAS',leads
71,71,71,200212170ATL,24.6,7.6,4th quarter,0:33.6,Jerry Stackhouse,WAS,False,2-pointer,3,107-99,'WAS',leads
72,72,72,200212170ATL,24.0,5.0,1st quarter,11:20.0,Ira Newble,ATL,True,2-pointer,0,2-2,'WAS',tied
73,73,73,200212170ATL,11.5,5.5,1st quarter,10:07.0,Glenn Robinson,ATL,False,2-pointer,13,2-4,'WAS',trails
74,74,74,200212170ATL,14.3,20.0,1st quarter,9:47.0,Ira Newble,ATL,False,2-pointer,18,2-4,'WAS',trails
75,75,75,200212170ATL,13.3,21.8,1st quarter,9:16.0,Shareef Abdur-Rahim,ATL,True,2-pointer,20,4-7,'WAS',trails
76,76,76,200212170ATL,10.2,7.2,1st quarter,8:39.0,Ira Newble,ATL,False,2-pointer,14,4-7,'WAS',trails
77,77,77,200212170ATL,32.2,6.2,1st quarter,8:35.0,Glenn Robinson,ATL,True,2-pointer,8,6-7,'WAS',trails
78,78,78,200212170ATL,13.7,12.2,1st quarter,7:25.0,Glenn Robinson,ATL,True,2-pointer,13,10-13,'WAS',trails
79,79,79,200212170ATL,24.0,5.0,1st quarter,6:51.0,Theo Ratliff,ATL,True,2-pointer,0,12-15,'WAS',trails
80,80,80,200212170ATL,38.3,5.8,1st quarter,5:32.0,Shareef Abdur-Rahim,ATL,False,2-pointer,14,14-17,'WAS',trails
81,81,81,200212170ATL,15.5,25.7,1st quarter,3:45.0,Matt Maloney,ATL,False,2-pointer,22,16-22,'WAS',trails
82,82,82,200212170ATL,24.8,21.0,1st quarter,3:15.0,Theo Ratliff,ATL,False,2-pointer,16,16-22,'WAS',trails
83,83,83,200212170ATL,37.5,9.9,1st quarter,2:11.0,Shareef Abdur-Rahim,ATL,False,2-pointer,14,18-24,'WAS',trails
84,84,84,200212170ATL,18.8,21.8,1st quarter,1:33.0,Emanual Davis,ATL,False,2-pointer,18,18-27,'WAS',trails
85,85,85,200212170ATL,14.3,8.8,1st quarter,1:08.0,Glenn Robinson,ATL,True,2-pointer,10,20-27,'WAS',trails
86,86,86,200212170ATL,11.8,17.5,1st quarter,0:09.9,Emanual Davis,ATL,True,2-pointer,17,22-32,'WAS',trails
87,87,87,200212170ATL,38.1,6.8,2nd quarter,11:33.0,Glenn Robinson,ATL,False,2-pointer,14,22-34,'WAS',trails
88,88,88,200212170ATL,33.5,28.7,2nd quarter,10:55.0,Dion Glover,ATL,False,3-pointer,26,22-35,'WAS',trails
89,89,89,200212170ATL,10.9,5.2,2nd quarter,10:27.0,Glenn Robinson,ATL,False,2-pointer,13,22-37,'WAS',trails
90,90,90,200212170ATL,6.9,22.9,2nd quarter,10:06.0,Dion Glover,ATL,True,3-pointer,25,25-38,'WAS',trails
91,91,91,200212170ATL,30.2,30.7,2nd quarter,8:56.0,Emanual Davis,ATL,False,3-pointer,26,27-40,'WAS',trails
92,92,92,200212170ATL,10.7,5.7,2nd quarter,8:27.0,Shareef Abdur-Rahim,ATL,True,2-pointer,13,29-43,'WAS',trails
93,93,93,200212170ATL,16.9,9.0,2nd quarter,7:17.0,Glenn Robinson,ATL,True,2-pointer,8,31-46,'WAS',trails
94,94,94,200212170ATL,13.0,28.8,2nd quarter,6:39.0,Dion Glover,ATL,False,3-pointer,26,31-48,'WAS',trails
95,95,95,200212170ATL,26.3,31.0,2nd quarter,6:17.0,Matt Maloney,ATL,False,3-pointer,26,31-50,'WAS',trails
96,96,96,200212170ATL,12.0,27.5,2nd quarter,6:07.0,Matt Maloney,ATL,True,3-pointer,26,34-50,'WAS',trails
97,97,97,200212170ATL,7.2,5.2,2nd quarter,4:35.0,Glenn Robinson,ATL,False,2-pointer,17,36-52,'WAS',trails
98,98,98,200212170ATL,24.0,5.0,2nd quarter,4:34.0,Shareef Abdur-Rahim,ATL,False,2-pointer,0,36-52,'WAS',trails
99,99,99,200212170ATL,24.0,5.0,2nd quarter,4:33.0,Theo Ratliff,ATL,False,2-pointer,0,36-52,'WAS',trails
100,100,100,200212170ATL,18.6,29.2,2nd quarter,4:08.0,Matt Maloney,ATL,False,3-pointer,25,36-52,'WAS',trails
101,101,101,200212170ATL,11.2,5.0,2nd quarter,3:33.0,Theo Ratliff,ATL,True,2-pointer,13,38-54,'WAS',trails
102,102,102,200212170ATL,24.0,5.0,2nd quarter,3:12.0,Ira Newble,ATL,True,2-pointer,0,40-56,'WAS',trails
103,103,103,200212170ATL,24.0,5.0,2nd quarter,2:28.0,Shareef Abdur-Rahim,ATL,False,2-pointer,0,40-58,'WAS',trails
104,104,104,200212170ATL,24.0,5.0,2nd quarter,2:25.0,Theo Ratliff,ATL,True,2-pointer,0,42-58,'WAS',trails
105,105,105,200212170ATL,24.0,5.0,2nd quarter,1:52.0,Ira Newble,ATL,True,2-pointer,0,44-58,'WAS',trails
106,106,106,200212170ATL,23.2,10.4,2nd quarter,1:19.0,Glenn Robinson,ATL,True,2-pointer,5,47-60,'WAS',trails
107,107,107,200212170ATL,28.6,6.5,2nd quarter,0:09.6,Theo Ratliff,ATL,False,2-pointer,5,48-62,'WAS',trails
108,108,108,200212170ATL,24.0,5.0,2nd quarter,0:09.6,Shareef Abdur-Rahim,ATL,True,2-pointer,0,50-62,'WAS',trails
109,109,109,200212170ATL,25.3,29.5,2nd quarter,0:01.4,Glenn Robinson,ATL,True,3-pointer,25,53-64,'WAS',trails
110,110,110,200212170ATL,33.7,25.4,3rd quarter,11:43.0,Jason Terry,ATL,True,2-pointer,23,55-64,'WAS',trails
111,111,111,200212170ATL,16.6,6.3,3rd quarter,11:13.0,Theo Ratliff,ATL,True,2-pointer,8,57-66,'WAS',trails
112,112,112,200212170ATL,24.0,8.5,3rd quarter,10:31.0,Jason Terry,ATL,False,2-pointer,4,57-66,'WAS',trails
113,113,113,200212170ATL,18.4,15.2,3rd quarter,10:03.0,Glenn Robinson,ATL,True,2-pointer,12,59-68,'WAS',trails
114,114,114,200212170ATL,22.2,30.0,3rd quarter,9:04.0,Jason Terry,ATL,True,3-pointer,25,62-70,'WAS',trails
115,115,115,200212170ATL,6.9,8.3,3rd quarter,8:38.0,Glenn Robinson,ATL,True,2-pointer,17,64-70,'WAS',trails
116,116,116,200212170ATL,24.0,5.0,3rd quarter,7:31.0,Jason Terry,ATL,False,2-pointer,0,64-74,'WAS',trails
117,117,117,200212170ATL,21.9,18.8,3rd quarter,7:02.0,Theo Ratliff,ATL,False,2-pointer,14,64-74,'WAS',trails
118,118,118,200212170ATL,14.1,28.2,3rd quarter,6:23.0,Glenn Robinson,ATL,True,3-pointer,25,67-76,'WAS',trails
119,119,119,200212170ATL,3.0,21.0,3rd quarter,4:57.0,Glenn Robinson,ATL,False,3-pointer,26,67-78,'WAS',trails
120,120,120,200212170ATL,11.5,5.7,3rd quarter,4:28.0,Glenn Robinson,ATL,True,2-pointer,13,69-80,'WAS',trails
121,121,121,200212170ATL,24.0,5.0,3rd quarter,3:31.0,Ira Newble,ATL,False,2-pointer,0,69-80,'WAS',trails
122,122,122,200212170ATL,16.3,5.0,3rd quarter,2:53.0,Glenn Robinson,ATL,True,2-pointer,8,71-80,'WAS',trails
123,123,123,200212170ATL,17.3,15.2,3rd quarter,2:13.0,Shareef Abdur-Rahim,ATL,True,2-pointer,12,73-80,'WAS',trails
124,124,124,200212170ATL,24.0,5.0,3rd quarter,1:21.0,Nazr Mohammed,ATL,True,2-pointer,0,77-82,'WAS',trails
125,125,125,200212170ATL,8.1,11.1,3rd quarter,0:49.0,Shareef Abdur-Rahim,ATL,True,2-pointer,17,79-84,'WAS',trails
126,126,126,200212170ATL,24.0,5.0,4th quarter,11:18.0,Darvin Ham,ATL,False,2-pointer,0,79-86,'WAS',trails
127,127,127,200212170ATL,30.9,8.5,4th quarter,10:12.0,Alan Henderson,ATL,False,2-pointer,8,81-86,'WAS',trails
128,128,128,200212170ATL,24.0,5.0,4th quarter,9:14.0,Emanual Davis,ATL,False,2-pointer,0,81-89,'WAS',trails
129,129,129,200212170ATL,24.0,5.0,4th quarter,8:53.0,Darvin Ham,ATL,True,2-pointer,0,83-89,'WAS',trails
130,130,130,200212170ATL,9.7,13.1,4th quarter,8:14.0,Jason Terry,ATL,True,2-pointer,16,86-89,'WAS',trails
131,131,131,200212170ATL,24.0,5.0,4th quarter,7:26.0,Emanual Davis,ATL,False,2-pointer,0,86-91,'WAS',trails
132,132,132,200212170ATL,13.3,16.5,4th quarter,6:58.0,Jason Terry,ATL,False,2-pointer,16,86-93,'WAS',trails
133,133,133,200212170ATL,7.1,6.5,4th quarter,6:31.0,Shareef Abdur-Rahim,ATL,False,2-pointer,17,86-95,'WAS',trails
134,134,134,200212170ATL,1.0,5.5,4th quarter,6:07.0,Glenn Robinson,ATL,True,3-pointer,23,89-95,'WAS',trails
135,135,135,200212170ATL,10.0,9.8,4th quarter,5:22.0,Glenn Robinson,ATL,False,2-pointer,15,89-95,'WAS',trails
136,136,136,200212170ATL,47.5,3.6,4th quarter,4:38.0,Glenn Robinson,ATL,False,3-pointer,24,89-97,'WAS',trails
137,137,137,200212170ATL,15.0,22.4,4th quarter,4:11.0,Matt Maloney,ATL,False,2-pointer,20,89-98,'WAS',trails
138,138,138,200212170ATL,47.2,3.6,4th quarter,3:16.0,Ira Newble,ATL,False,3-pointer,23,89-100,'WAS',trails
139,139,139,200212170ATL,24.0,5.0,4th quarter,2:56.0,Glenn Robinson,ATL,True,2-pointer,0,93-100,'WAS',trails
140,140,140,200212170ATL,15.3,8.8,4th quarter,2:20.0,Glenn Robinson,ATL,False,2-pointer,9,95-102,'WAS',trails
141,141,141,200212170ATL,11.5,27.0,4th quarter,1:40.0,Shareef Abdur-Rahim,ATL,False,3-pointer,25,97-106,'WAS',trails
142,142,142,200212170ATL,7.2,24.7,4th quarter,1:03.0,Glenn Robinson,ATL,False,3-pointer,26,97-106,'WAS',trails
143,143,143,200212170ATL,19.2,30.0,4th quarter,0:08.4,Jason Terry,ATL,False,3-pointer,25,99-109,'WAS',trails
144,144,144,200212170DAL,24.0,5.0,1st quarter,11:11.0,Jermaine O'Neal,IND,False,2-pointer,0,0-2,'DAL',trails
145,145,145,200212170DAL,40.4,20.3,1st quarter,10:53.0,Jamaal Tinsley,IND,False,2-pointer,22,0-2,'DAL',trails
146,146,146,200212170DAL,24.0,5.0,1st quarter,10:23.0,Jermaine O'Neal,IND,True,2-pointer,0,2-4,'DAL',trails
147,147,147,200212170DAL,33.2,12.6,1st quarter,9:55.0,Jermaine O'Neal,IND,False,2-pointer,12,2-6,'DAL',trails
148,148,148,200212170DAL,28.6,6.3,1st quarter,9:35.0,Brad Miller,IND,False,2-pointer,5,2-6,'DAL',trails
149,149,149,200212170DAL,47.5,6.8,1st quarter,9:32.0,Reggie Miller,IND,True,3-pointer,24,5-6,'DAL',trails
150,150,150,200212170DAL,24.0,5.0,1st quarter,7:54.0,Metta World,IND,True,2-pointer,0,8-11,'DAL',trails
151,151,151,200212170DAL,1.0,12.9,1st quarter,7:34.0,Jamaal Tinsley,IND,False,3-pointer,24,8-13,'DAL',trails
152,152,152,200212170DAL,15.1,23.3,1st quarter,6:33.0,Jermaine O'Neal,IND,False,2-pointer,20,8-17,'DAL',trails
153,153,153,200212170DAL,4.1,20.0,1st quarter,6:21.0,Reggie Miller,IND,False,3-pointer,25,8-17,'DAL',trails
154,154,154,200212170DAL,40.1,15.2,1st quarter,5:59.0,Brad Miller,IND,False,2-pointer,19,8-19,'DAL',trails
155,155,155,200212170DAL,24.6,9.3,1st quarter,4:54.0,Brad Miller,IND,False,2-pointer,4,8-21,'DAL',trails
156,156,156,200212170DAL,24.0,5.0,1st quarter,4:45.0,Jermaine O'Neal,IND,True,2-pointer,0,10-21,'DAL',trails
157,157,157,200212170DAL,30.7,6.7,1st quarter,4:17.0,Jamaal Tinsley,IND,True,2-pointer,7,12-23,'DAL',trails
158,158,158,200212170DAL,17.6,21.9,1st quarter,3:52.0,Al Harrington,IND,True,2-pointer,18,14-25,'DAL',trails
159,159,159,200212170DAL,44.2,19.5,1st quarter,3:35.0,Metta World,IND,False,3-pointer,25,14-25,'DAL',trails
160,160,160,200212170DAL,28.6,6.2,1st quarter,3:13.0,Jermaine O'Neal,IND,False,2-pointer,5,14-25,'DAL',trails
161,161,161,200212170DAL,12.0,10.6,1st quarter,2:16.0,Al Harrington,IND,True,2-pointer,13,18-28,'DAL',trails
162,162,162,200212170DAL,21.4,9.0,1st quarter,1:33.0,Metta World,IND,False,2-pointer,5,18-31,'DAL',trails
163,163,163,200212170DAL,16.6,6.5,1st quarter,0:52.5,Ron Mercer,IND,True,2-pointer,8,20-33,'DAL',trails
164,164,164,200212170DAL,20.4,8.8,1st quarter,0:37.9,Al Harrington,IND,False,2-pointer,5,20-33,'DAL',trails
165,165,165,200212170DAL,24.0,5.0,1st quarter,0:32.5,Jermaine O'Neal,IND,True,2-pointer,0,23-33,'DAL',trails
166,166,166,200212170DAL,40.6,12.4,1st quarter,0:03.4,Ron Mercer,IND,False,2-pointer,18,24-33,'DAL',trails
167,167,167,200212170DAL,26.3,9.0,2nd quarter,11:53.0,Jermaine O'Neal,IND,True,2-pointer,5,28-35,'DAL',trails
168,168,168,200212170DAL,21.1,28.7,2nd quarter,10:51.0,Erick Strickland,IND,False,3-pointer,24,28-38,'DAL',trails
169,169,169,200212170DAL,5.6,9.1,2nd quarter,9:56.0,Ron Mercer,IND,False,2-pointer,19,28-42,'DAL',trails
170,170,170,200212170DAL,12.0,10.4,2nd quarter,9:50.0,Al Harrington,IND,True,2-pointer,13,30-42,'DAL',trails
171,171,171,200212170DAL,24.6,19.5,2nd quarter,9:21.0,Al Harrington,IND,True,2-pointer,15,32-42,'DAL',trails
172,172,172,200212170DAL,24.0,5.0,2nd quarter,8:45.0,Metta World,IND,True,2-pointer,0,34-44,'DAL',trails
173,173,173,200212170DAL,24.0,5.0,2nd quarter,8:07.0,Metta World,IND,True,2-pointer,0,36-46,'DAL',trails
174,174,174,200212170DAL,20.1,8.6,2nd quarter,7:37.0,Al Harrington,IND,False,2-pointer,5,36-46,'DAL',trails
175,175,175,200212170DAL,47.5,6.3,2nd quarter,6:54.0,Reggie Miller,IND,False,3-pointer,24,36-46,'DAL',trails
176,176,176,200212170DAL,24.0,5.0,2nd quarter,6:30.0,Al Harrington,IND,False,2-pointer,0,36-48,'DAL',trails
177,177,177,200212170DAL,4.1,5.7,2nd quarter,6:24.0,Ron Mercer,IND,False,2-pointer,20,36-48,'DAL',trails
178,178,178,200212170DAL,24.0,5.0,2nd quarter,6:11.0,Metta World,IND,False,2-pointer,0,36-48,'DAL',trails
179,179,179,200212170DAL,24.0,5.0,2nd quarter,6:09.0,Metta World,IND,False,2-pointer,0,36-48,'DAL',trails
180,180,180,200212170DAL,24.0,12.1,2nd quarter,6:05.0,Ron Mercer,IND,True,2-pointer,7,38-48,'DAL',trails
181,181,181,200212170DAL,1.7,5.3,2nd quarter,5:44.0,Reggie Miller,IND,False,3-pointer,22,38-48,'DAL',trails
182,182,182,200212170DAL,43.7,19.6,2nd quarter,5:14.0,Reggie Miller,IND,False,3-pointer,25,38-48,'DAL',trails
183,183,183,200212170DAL,24.0,5.0,2nd quarter,4:46.0,Jamaal Tinsley,IND,True,2-pointer,0,40-48,'DAL',trails
184,184,184,200212170DAL,33.5,8.1,2nd quarter,4:26.0,Jamaal Tinsley,IND,True,2-pointer,10,42-48,'DAL',trails
185,185,185,200212170DAL,31.7,28.3,2nd quarter,3:49.0,Jamaal Tinsley,IND,False,3-pointer,25,42-50,'DAL',trails
186,186,186,200212170DAL,19.4,15.4,2nd quarter,2:42.0,Metta World,IND,False,2-pointer,11,42-53,'DAL',trails
187,187,187,200212170DAL,25.6,19.8,2nd quarter,0:49.5,Ron Mercer,IND,False,2-pointer,15,46-60,'DAL',trails
188,188,188,200212170DAL,24.0,5.0,2nd quarter,0:49.0,Brad Miller,IND,True,2-pointer,0,48-60,'DAL',trails
189,189,189,200212170DAL,24.0,5.0,3rd quarter,10:37.0,Brad Miller,IND,True,2-pointer,0,54-62,'DAL',trails
190,190,190,200212170DAL,15.8,10.1,3rd quarter,9:58.0,Jermaine O'Neal,IND,True,2-pointer,10,56-62,'DAL',trails
191,191,191,200212170DAL,37.8,16.2,3rd quarter,9:26.0,Brad Miller,IND,False,2-pointer,18,56-64,'DAL',trails
192,192,192,200212170DAL,19.7,10.6,3rd quarter,8:37.0,Al Harrington,IND,False,2-pointer,7,56-66,'DAL',trails
193,193,193,200212170DAL,24.1,17.3,3rd quarter,8:33.0,Al Harrington,IND,True,2-pointer,12,58-66,'DAL',trails
194,194,194,200212170DAL,24.0,5.0,3rd quarter,8:13.0,Reggie Miller,IND,True,2-pointer,0,60-66,'DAL',trails
195,195,195,200212170DAL,24.0,5.0,3rd quarter,7:47.0,Jermaine O'Neal,IND,False,2-pointer,0,60-69,'DAL',trails
196,196,196,200212170DAL,24.0,5.0,3rd quarter,7:43.0,Jermaine O'Neal,IND,False,2-pointer,0,60-69,'DAL',trails
197,197,197,200212170DAL,24.0,5.0,3rd quarter,6:54.0,Brad Miller,IND,True,2-pointer,0,62-72,'DAL',trails
198,198,198,200212170DAL,1.3,6.2,3rd quarter,6:19.0,Jamaal Tinsley,IND,False,3-pointer,23,63-74,'DAL',trails
199,199,199,200212170DAL,1.3,6.5,3rd quarter,5:40.0,Al Harrington,IND,True,3-pointer,23,66-77,'DAL',trails
200,200,200,200212170DAL,1.8,5.0,3rd quarter,4:58.0,Jermaine O'Neal,IND,True,3-pointer,22,69-79,'DAL',trails
201,201,201,200212170DAL,10.9,25.2,3rd quarter,3:57.0,Jermaine O'Neal,IND,False,3-pointer,24,69-81,'DAL',trails
202,202,202,200212170DAL,4.6,3.7,3rd quarter,3:26.0,Reggie Miller,IND,True,2-pointer,19,71-83,'DAL',trails
203,203,203,200212170DAL,7.1,5.7,3rd quarter,1:49.0,Austin Croshere,IND,True,2-pointer,17,75-91,'DAL',trails
204,204,204,200212170DAL,45.0,6.7,3rd quarter,1:16.0,Ron Mercer,IND,False,2-pointer,21,75-94,'DAL',trails
205,205,205,200212170DAL,21.4,29.5,3rd quarter,0:26.8,Erick Strickland,IND,True,3-pointer,25,78-98,'DAL',trails
206,206,206,200212170DAL,16.8,20.6,4th quarter,11:33.0,Erick Strickland,IND,False,2-pointer,17,78-101,'DAL',trails
207,207,207,200212170DAL,33.0,27.4,4th quarter,10:41.0,Jamaal Tinsley,IND,False,3-pointer,24,79-103,'DAL',trails
208,208,208,200212170DAL,24.0,5.0,4th quarter,10:22.0,Jermaine O'Neal,IND,False,2-pointer,0,79-106,'DAL',trails
209,209,209,200212170DAL,47.5,6.2,4th quarter,9:47.0,Austin Croshere,IND,False,3-pointer,24,79-106,'DAL',trails
210,210,210,200212170DAL,24.0,5.0,4th quarter,9:43.0,Jamaal Tinsley,IND,False,2-pointer,0,79-106,'DAL',trails
211,211,211,200212170DAL,9.1,9.1,4th quarter,9:40.0,Ron Mercer,IND,True,2-pointer,15,81-106,'DAL',trails
212,212,212,200212170DAL,24.0,5.0,4th quarter,9:10.0,Jermaine O'Neal,IND,False,2-pointer,0,81-106,'DAL',trails
213,213,213,200212170DAL,24.5,10.4,4th quarter,9:06.0,Jermaine O'Neal,IND,True,2-pointer,5,83-106,'DAL',trails
214,214,214,200212170DAL,9.9,6.7,4th quarter,8:29.0,Jeff Foster,IND,False,2-pointer,14,83-106,'DAL',trails
215,215,215,200212170DAL,10.9,26.5,4th quarter,8:22.0,Erick Strickland,IND,False,3-pointer,25,83-106,'DAL',trails
216,216,216,200212170DAL,42.6,7.6,4th quarter,7:41.0,Ron Mercer,IND,False,2-pointer,19,83-108,'DAL',trails
217,217,217,200212170DAL,24.0,5.0,4th quarter,6:57.0,Erick Strickland,IND,True,2-pointer,0,86-108,'DAL',trails
218,218,218,200212170DAL,24.0,5.0,4th quarter,5:51.0,Austin Croshere,IND,True,2-pointer,0,89-108,'DAL',trails
219,219,219,200212170DAL,33.8,15.9,4th quarter,4:46.0,Primož Brezec,IND,True,2-pointer,15,91-112,'DAL',trails
220,220,220,200212170DAL,24.0,5.0,4th quarter,4:09.0,Austin Croshere,IND,True,2-pointer,0,93-114,'DAL',trails
221,221,221,200212170DAL,31.9,18.7,4th quarter,3:14.0,Ron Mercer,IND,False,2-pointer,16,94-116,'DAL',trails
222,222,222,200212170DAL,24.0,5.0,4th quarter,2:48.0,Jamaal Tinsley,IND,True,2-pointer,0,96-116,'DAL',trails
223,223,223,200212170DAL,4.3,5.5,4th quarter,1:53.0,Primož Brezec,IND,False,2-pointer,20,96-118,'DAL',trails
224,224,224,200212170DAL,21.4,29.3,4th quarter,1:47.0,Erick Strickland,IND,False,3-pointer,24,96-118,'DAL',trails
225,225,225,200212170DAL,22.4,11.6,4th quarter,0:19.4,Primož Brezec,IND,False,2-pointer,7,97-118,'DAL',trails
226,226,226,200212170DAL,15.0,3.6,1st quarter,11:45.0,Raef LaFrentz,DAL,False,2-pointer,9,0-0,'DAL',tied
227,227,227,200212170DAL,32.2,9.1,1st quarter,11:35.0,Steve Nash,DAL,False,2-pointer,9,0-0,'DAL',tied
228,228,228,200212170DAL,38.0,25.4,1st quarter,11:24.0,Steve Nash,DAL,False,3-pointer,25,0-0,'DAL',tied
229,229,229,200212170DAL,9.4,7.3,1st quarter,11:19.0,Dirk Nowitzki,DAL,True,2-pointer,15,2-0,'DAL',leads
230,230,230,200212170DAL,47.6,5.0,1st quarter,11:00.0,Dirk Nowitzki,DAL,False,3-pointer,24,2-0,'DAL',leads
231,231,231,200212170DAL,20.1,6.8,1st quarter,10:44.0,Adrian Griffin,DAL,True,2-pointer,4,4-0,'DAL',leads
232,232,232,200212170DAL,24.0,5.0,1st quarter,10:06.0,Michael Finley,DAL,True,2-pointer,0,6-2,'DAL',leads
233,233,233,200212170DAL,40.6,23.4,1st quarter,9:43.0,Michael Finley,DAL,False,3-pointer,25,6-2,'DAL',leads
234,234,234,200212170DAL,38.8,24.6,1st quarter,9:14.0,Michael Finley,DAL,True,3-pointer,25,9-5,'DAL',leads
235,235,235,200212170DAL,44.4,8.5,1st quarter,8:47.0,Steve Nash,DAL,False,2-pointer,21,9-6,'DAL',leads
236,236,236,200212170DAL,33.2,21.6,1st quarter,8:10.0,Dirk Nowitzki,DAL,True,2-pointer,19,11-6,'DAL',leads
237,237,237,200212170DAL,24.0,5.0,1st quarter,7:47.0,Raef LaFrentz,DAL,True,2-pointer,0,13-8,'DAL',leads
238,238,238,200212170DAL,24.0,5.0,1st quarter,7:24.0,Dirk Nowitzki,DAL,True,2-pointer,0,15-8,'DAL',leads
239,239,239,200212170DAL,16.0,27.9,1st quarter,7:07.0,Raef LaFrentz,DAL,False,3-pointer,24,15-8,'DAL',leads
240,240,240,200212170DAL,4.9,12.6,1st quarter,7:01.0,Dirk Nowitzki,DAL,True,2-pointer,21,17-8,'DAL',leads
241,241,241,200212170DAL,36.6,5.5,1st quarter,5:42.0,Michael Finley,DAL,False,2-pointer,13,19-8,'DAL',leads
242,242,242,200212170DAL,24.0,5.0,1st quarter,5:22.0,Steve Nash,DAL,True,2-pointer,0,21-8,'DAL',leads
243,243,243,200212170DAL,16.8,18.5,1st quarter,4:38.0,Steve Nash,DAL,False,2-pointer,15,21-10,'DAL',leads
244,244,244,200212170DAL,8.9,11.6,1st quarter,4:31.0,Dirk Nowitzki,DAL,True,2-pointer,16,23-10,'DAL',leads
245,245,245,200212170DAL,20.2,7.0,1st quarter,4:07.0,Steve Nash,DAL,True,2-pointer,4,25-12,'DAL',leads
246,246,246,200212170DAL,4.9,4.5,1st quarter,3:21.0,Michael Finley,DAL,False,2-pointer,19,25-14,'DAL',leads
247,247,247,200212170DAL,24.0,5.0,1st quarter,3:03.0,Michael Finley,DAL,True,2-pointer,0,28-14,'DAL',leads
248,248,248,200212170DAL,8.2,24.2,1st quarter,2:29.0,Walt Williams,DAL,False,3-pointer,25,28-16,'DAL',leads
249,249,249,200212170DAL,18.9,28.8,1st quarter,2:06.0,Michael Finley,DAL,True,3-pointer,24,31-18,'DAL',leads
250,250,250,200212170DAL,0.8,4.1,1st quarter,1:12.0,Dirk Nowitzki,DAL,False,3-pointer,23,31-18,'DAL',leads
251,251,251,200212170DAL,0.7,18.5,1st quarter,0:46.7,Michael Finley,DAL,False,3-pointer,27,33-20,'DAL',leads
252,252,252,200212170DAL,44.7,19.1,1st quarter,0:10.4,Nick Van,DAL,False,3-pointer,25,33-24,'DAL',leads
253,253,253,200212170DAL,36.3,3.7,1st quarter,0:01.1,Steve Nash,DAL,True,2-pointer,12,35-26,'DAL',leads
254,254,254,200212170DAL,1.7,5.0,2nd quarter,11:34.0,Michael Finley,DAL,True,3-pointer,22,38-28,'DAL',leads
255,255,255,200212170DAL,17.6,15.7,2nd quarter,11:03.0,Nick Van,DAL,False,2-pointer,12,38-28,'DAL',leads
256,256,256,200212170DAL,1.8,4.9,2nd quarter,10:41.0,Michael Finley,DAL,True,3-pointer,22,41-28,'DAL',leads
257,257,257,200212170DAL,3.0,19.2,2nd quarter,9:50.0,Nick Van,DAL,False,3-pointer,25,42-30,'DAL',leads
258,258,258,200212170DAL,13.5,4.2,2nd quarter,9:02.0,Michael Finley,DAL,True,2-pointer,11,44-32,'DAL',leads
259,259,259,200212170DAL,37.8,21.1,2nd quarter,8:29.0,Michael Finley,DAL,True,2-pointer,21,46-34,'DAL',leads
260,260,260,200212170DAL,30.4,7.0,2nd quarter,7:19.0,Nick Van,DAL,False,2-pointer,7,46-36,'DAL',leads
261,261,261,200212170DAL,27.3,8.5,2nd quarter,7:15.0,Shawn Bradley,DAL,False,2-pointer,5,46-36,'DAL',leads
262,262,262,200212170DAL,24.0,5.0,2nd quarter,7:01.0,Steve Nash,DAL,False,2-pointer,0,46-36,'DAL',leads
263,263,263,200212170DAL,24.0,5.0,2nd quarter,6:47.0,Raef LaFrentz,DAL,True,2-pointer,0,48-36,'DAL',leads
264,264,264,200212170DAL,34.0,22.4,2nd quarter,6:17.0,Nick Van,DAL,False,2-pointer,20,48-36,'DAL',leads
265,265,265,200212170DAL,22.2,8.8,2nd quarter,5:53.0,Steve Nash,DAL,False,2-pointer,4,48-38,'DAL',leads
266,266,266,200212170DAL,25.3,14.1,2nd quarter,5:25.0,Nick Van,DAL,False,2-pointer,9,48-38,'DAL',leads
267,267,267,200212170DAL,30.1,9.1,2nd quarter,5:02.0,Michael Finley,DAL,False,2-pointer,7,48-38,'DAL',leads
268,268,268,200212170DAL,3.0,5.1,2nd quarter,4:53.0,Walt Williams,DAL,False,2-pointer,21,48-38,'DAL',leads
269,269,269,200212170DAL,24.0,5.0,2nd quarter,4:02.0,Nick Van,DAL,True,2-pointer,0,50-42,'DAL',leads
270,270,270,200212170DAL,32.2,19.0,2nd quarter,3:29.0,Nick Van,DAL,False,2-pointer,16,50-42,'DAL',leads
271,271,271,200212170DAL,32.5,27.7,2nd quarter,2:58.0,Raef LaFrentz,DAL,True,3-pointer,24,53-42,'DAL',leads
272,272,272,200212170DAL,24.0,5.0,2nd quarter,2:22.0,Raef LaFrentz,DAL,True,2-pointer,0,55-44,'DAL',leads
273,273,273,200212170DAL,24.0,5.0,2nd quarter,1:46.0,Raef LaFrentz,DAL,True,2-pointer,0,57-44,'DAL',leads
274,274,274,200212170DAL,20.9,9.9,2nd quarter,1:10.0,Nick Van,DAL,True,2-pointer,6,59-46,'DAL',leads
275,275,275,200212170DAL,6.9,22.6,2nd quarter,0:41.6,Michael Finley,DAL,False,3-pointer,25,60-48,'DAL',leads
276,276,276,200212170DAL,23.4,9.1,2nd quarter,0:02.8,Nick Van,DAL,True,2-pointer,4,62-50,'DAL',leads
277,277,277,200212170DAL,24.0,5.0,3rd quarter,11:04.0,Adrian Griffin,DAL,False,2-pointer,0,62-52,'DAL',leads
278,278,278,200212170DAL,31.7,29.0,3rd quarter,10:55.0,Dirk Nowitzki,DAL,False,3-pointer,25,62-52,'DAL',leads
279,279,279,200212170DAL,37.0,20.3,3rd quarter,10:13.0,Michael Finley,DAL,False,2-pointer,20,62-54,'DAL',leads
280,280,280,200212170DAL,44.7,7.2,3rd quarter,9:45.0,Dirk Nowitzki,DAL,True,2-pointer,21,64-56,'DAL',leads
281,281,281,200212170DAL,27.4,23.4,3rd quarter,9:14.0,Dirk Nowitzki,DAL,False,2-pointer,19,64-56,'DAL',leads
282,282,282,200212170DAL,24.0,5.0,3rd quarter,9:03.0,Steve Nash,DAL,False,2-pointer,0,64-56,'DAL',leads
283,283,283,200212170DAL,24.0,5.0,3rd quarter,9:01.0,Michael Finley,DAL,False,2-pointer,0,64-56,'DAL',leads
284,284,284,200212170DAL,24.0,5.0,3rd quarter,9:00.0,Michael Finley,DAL,True,2-pointer,0,66-56,'DAL',leads
285,285,285,200212170DAL,24.0,5.0,3rd quarter,8:18.0,Shawn Bradley,DAL,False,2-pointer,0,66-58,'DAL',leads
286,286,286,200212170DAL,48.0,4.5,3rd quarter,8:01.0,Nick Van,DAL,True,3-pointer,24,69-60,'DAL',leads
287,287,287,200212170DAL,16.5,13.1,3rd quarter,7:34.0,Nick Van,DAL,False,2-pointer,11,69-60,'DAL',leads
288,288,288,200212170DAL,17.4,28.7,3rd quarter,7:09.0,Dirk Nowitzki,DAL,True,3-pointer,25,72-60,'DAL',leads
289,289,289,200212170DAL,27.3,11.8,3rd quarter,6:40.0,Steve Nash,DAL,True,2-pointer,8,74-63,'DAL',leads
290,290,290,200212170DAL,23.7,28.8,3rd quarter,5:58.0,Michael Finley,DAL,True,3-pointer,24,77-63,'DAL',leads
291,291,291,200212170DAL,13.0,27.2,3rd quarter,4:45.0,Dirk Nowitzki,DAL,False,3-pointer,25,79-69,'DAL',leads
292,292,292,200212170DAL,24.0,5.0,3rd quarter,4:42.0,Shawn Bradley,DAL,True,2-pointer,0,81-69,'DAL',leads
293,293,293,200212170DAL,24.0,5.0,3rd quarter,4:18.0,Nick Van,DAL,False,2-pointer,0,81-69,'DAL',leads
294,294,294,200212170DAL,24.0,5.0,3rd quarter,3:44.0,Nick Van,DAL,True,2-pointer,0,83-69,'DAL',leads
295,295,295,200212170DAL,47.2,5.0,3rd quarter,3:05.0,Michael Finley,DAL,True,3-pointer,23,86-71,'DAL',leads
296,296,296,200212170DAL,43.4,20.8,3rd quarter,2:33.0,Nick Van,DAL,False,3-pointer,25,88-73,'DAL',leads
297,297,297,200212170DAL,6.6,21.8,3rd quarter,2:07.0,Dirk Nowitzki,DAL,True,3-pointer,24,91-73,'DAL',leads
298,298,298,200212170DAL,42.9,7.3,3rd quarter,1:29.0,Dirk Nowitzki,DAL,False,2-pointer,19,91-75,'DAL',leads
299,299,299,200212170DAL,24.0,5.0,3rd quarter,1:27.0,Nick Van,DAL,True,2-pointer,0,93-75,'DAL',leads
300,300,300,200212170DAL,20.4,21.8,3rd quarter,1:04.0,Michael Finley,DAL,True,2-pointer,17,96-75,'DAL',leads
301,301,301,200212170DAL,24.0,5.0,3rd quarter,0:46.0,Michael Finley,DAL,True,2-pointer,0,98-75,'DAL',leads
302,302,302,200212170DAL,42.9,6.2,3rd quarter,0:04.8,Shawn Bradley,DAL,False,2-pointer,19,99-78,'DAL',leads
303,303,303,200212170DAL,26.6,9.8,4th quarter,11:45.0,Nick Van,DAL,True,2-pointer,5,101-78,'DAL',leads
304,304,304,200212170DAL,34.5,20.3,4th quarter,11:15.0,Adrian Griffin,DAL,True,2-pointer,19,103-78,'DAL',leads
305,305,305,200212170DAL,23.8,25.1,4th quarter,10:50.0,Dirk Nowitzki,DAL,False,2-pointer,20,103-79,'DAL',leads
306,306,306,200212170DAL,24.0,5.0,4th quarter,10:33.0,Nick Van,DAL,True,2-pointer,0,105-79,'DAL',leads
307,307,307,200212170DAL,27.4,8.8,4th quarter,10:04.0,Adrian Griffin,DAL,False,2-pointer,5,106-79,'DAL',leads
308,308,308,200212170DAL,43.0,21.4,4th quarter,9:16.0,Nick Van,DAL,False,3-pointer,25,106-81,'DAL',leads
309,309,309,200212170DAL,29.1,9.5,4th quarter,8:45.0,Adrian Griffin,DAL,False,2-pointer,7,106-83,'DAL',leads
310,310,310,200212170DAL,24.0,5.0,4th quarter,7:48.0,Walt Williams,DAL,True,2-pointer,0,108-83,'DAL',leads
311,311,311,200212170DAL,33.2,10.6,4th quarter,7:21.0,Popeye Jones,DAL,False,2-pointer,11,108-83,'DAL',leads
312,312,312,200212170DAL,24.0,5.0,4th quarter,6:31.0,Popeye Jones,DAL,False,2-pointer,0,108-86,'DAL',leads
313,313,313,200212170DAL,24.0,5.0,4th quarter,6:00.0,Nick Van,DAL,False,2-pointer,0,108-87,'DAL',leads
314,314,314,200212170DAL,24.0,5.0,4th quarter,5:57.0,Popeye Jones,DAL,False,2-pointer,0,108-87,'DAL',leads
315,315,315,200212170DAL,24.0,5.0,4th quarter,5:35.0,Avery Johnson,DAL,True,2-pointer,0,110-89,'DAL',leads
316,316,316,200212170DAL,28.1,11.4,4th quarter,5:04.0,Shawn Bradley,DAL,True,2-pointer,8,112-89,'DAL',leads
317,317,317,200212170DAL,24.0,5.0,4th quarter,4:24.0,Avery Johnson,DAL,True,2-pointer,0,114-91,'DAL',leads
318,318,318,200212170DAL,30.9,7.0,4th quarter,3:48.0,Walt Williams,DAL,False,2-pointer,7,114-94,'DAL',leads
319,319,319,200212170DAL,24.0,5.0,4th quarter,2:28.0,Raef LaFrentz,DAL,False,2-pointer,0,116-96,'DAL',leads
320,320,320,200212170DAL,24.0,5.0,4th quarter,2:08.0,Avery Johnson,DAL,True,2-pointer,0,118-96,'DAL',leads
321,321,321,200212170DAL,30.7,12.6,4th quarter,0:52.4,Popeye Jones,DAL,False,2-pointer,10,118-97,'DAL',leads
322,322,322,200212170DAL,45.0,9.8,4th quarter,0:32.4,Adam Harrington,DAL,False,2-pointer,22,118-97,'DAL',leads
323,323,323,200212170MIL,24.0,5.0,1st quarter,11:23.0,Jerome Williams,TOR,True,2-pointer,0,2-2,'TOR',tied
324,324,324,200212170MIL,34.3,16.0,1st quarter,10:47.0,Morris Peterson,TOR,True,2-pointer,15,4-2,'TOR',leads
325,325,325,200212170MIL,10.7,3.1,1st quarter,10:12.0,Jerome Williams,TOR,False,2-pointer,13,4-4,'TOR',tied
326,326,326,200212170MIL,24.0,5.0,1st quarter,8:48.0,Alvin Williams,TOR,False,2-pointer,0,6-9,'TOR',trails
327,327,327,200212170MIL,34.3,16.8,1st quarter,8:21.0,Voshon Lenard,TOR,True,2-pointer,16,8-11,'TOR',trails
328,328,328,200212170MIL,23.0,25.9,1st quarter,7:53.0,Alvin Williams,TOR,True,2-pointer,21,10-13,'TOR',trails
329,329,329,200212170MIL,31.2,4.4,1st quarter,7:08.0,Jelani McCoy,TOR,True,2-pointer,7,12-15,'TOR',trails
330,330,330,200212170MIL,30.2,22.3,1st quarter,6:33.0,Voshon Lenard,TOR,False,2-pointer,18,12-15,'TOR',trails
331,331,331,200212170MIL,16.8,12.1,1st quarter,6:28.0,Jelani McCoy,TOR,False,2-pointer,10,12-15,'TOR',trails
332,332,332,200212170MIL,9.5,13.2,1st quarter,6:03.0,Voshon Lenard,TOR,True,2-pointer,17,14-17,'TOR',trails
333,333,333,200212170MIL,33.4,19.0,1st quarter,5:37.0,Voshon Lenard,TOR,True,2-pointer,17,16-17,'TOR',trails
334,334,334,200212170MIL,37.6,27.9,1st quarter,4:58.0,Voshon Lenard,TOR,False,3-pointer,27,16-20,'TOR',trails
335,335,335,200212170MIL,34.8,16.5,1st quarter,4:31.0,Morris Peterson,TOR,True,2-pointer,16,18-20,'TOR',trails
336,336,336,200212170MIL,21.9,9.9,1st quarter,4:00.0,Nate Huffman,TOR,False,2-pointer,5,18-23,'TOR',trails
337,337,337,200212170MIL,31.9,16.7,1st quarter,3:49.0,Voshon Lenard,TOR,True,2-pointer,14,20-23,'TOR',trails
338,338,338,200212170MIL,24.0,5.0,1st quarter,2:42.0,Jerome Williams,TOR,True,2-pointer,0,24-27,'TOR',trails
339,339,339,200212170MIL,24.0,5.0,1st quarter,2:11.0,Morris Peterson,TOR,False,2-pointer,0,24-29,'TOR',trails
340,340,340,200212170MIL,24.0,5.0,1st quarter,2:09.0,Nate Huffman,TOR,True,2-pointer,0,26-29,'TOR',trails
341,341,341,200212170MIL,24.0,5.0,1st quarter,1:54.0,Jerome Williams,TOR,True,2-pointer,0,28-29,'TOR',trails
342,342,342,200212170MIL,24.0,5.0,1st quarter,1:13.0,Lindsey Hunter,TOR,False,2-pointer,0,31-31,'TOR',tied
343,343,343,200212170MIL,24.0,5.0,1st quarter,1:12.0,Nate Huffman,TOR,False,2-pointer,0,31-31,'TOR',tied
344,344,344,200212170MIL,47.6,3.6,1st quarter,1:05.0,Lindsey Hunter,TOR,False,3-pointer,24,31-31,'TOR',tied
345,345,345,200212170MIL,36.0,16.0,1st quarter,0:44.5,Voshon Lenard,TOR,False,2-pointer,16,31-33,'TOR',trails
346,346,346,200212170MIL,47.8,3.9,1st quarter,0:36.5,Morris Peterson,TOR,False,3-pointer,24,31-33,'TOR',trails
347,347,347,200212170MIL,16.5,29.5,1st quarter,0:00.1,Lindsey Hunter,TOR,False,3-pointer,26,32-33,'TOR',trails
348,348,348,200212170MIL,34.2,29.3,2nd quarter,11:36.0,Alvin Williams,TOR,True,3-pointer,26,35-33,'TOR',leads
349,349,349,200212170MIL,24.0,5.0,2nd quarter,11:06.0,Alvin Williams,TOR,True,2-pointer,0,37-33,'TOR',leads
350,350,350,200212170MIL,24.0,5.0,2nd quarter,10:27.0,Nate Huffman,TOR,True,2-pointer,0,39-35,'TOR',leads
351,351,351,200212170MIL,41.9,13.1,2nd quarter,8:59.0,Morris Peterson,TOR,False,2-pointer,20,40-39,'TOR',leads
352,352,352,200212170MIL,24.0,5.0,2nd quarter,8:37.0,Michael Bradley,TOR,False,2-pointer,0,40-41,'TOR',trails
353,353,353,200212170MIL,34.8,23.1,2nd quarter,8:11.0,Alvin Williams,TOR,False,2-pointer,21,40-41,'TOR',trails
354,354,354,200212170MIL,24.8,8.3,2nd quarter,7:32.0,Michael Bradley,TOR,True,2-pointer,3,42-43,'TOR',trails
355,355,355,200212170MIL,24.0,5.0,2nd quarter,6:19.0,Michael Bradley,TOR,False,2-pointer,0,43-47,'TOR',trails
356,356,356,200212170MIL,24.0,5.0,2nd quarter,6:15.0,Jelani McCoy,TOR,True,2-pointer,0,45-47,'TOR',trails
357,357,357,200212170MIL,18.3,13.2,2nd quarter,5:34.0,Lindsey Hunter,TOR,False,2-pointer,10,45-49,'TOR',trails
358,358,358,200212170MIL,30.2,3.4,2nd quarter,4:28.0,Jelani McCoy,TOR,False,2-pointer,6,45-51,'TOR',trails
359,359,359,200212170MIL,11.7,5.3,2nd quarter,4:00.0,Michael Bradley,TOR,False,2-pointer,12,45-51,'TOR',trails
360,360,360,200212170MIL,41.1,4.4,2nd quarter,2:19.0,Voshon Lenard,TOR,False,2-pointer,17,48-53,'TOR',trails
361,361,361,200212170MIL,0.7,4.4,2nd quarter,1:50.0,Voshon Lenard,TOR,False,3-pointer,23,48-55,'TOR',trails
362,362,362,200212170MIL,15.5,8.0,2nd quarter,1:47.0,Nate Huffman,TOR,False,2-pointer,9,48-55,'TOR',trails
363,363,363,200212170MIL,24.0,5.0,2nd quarter,1:45.0,Jerome Williams,TOR,True,2-pointer,0,50-55,'TOR',trails
364,364,364,200212170MIL,24.0,5.0,2nd quarter,1:10.0,Alvin Williams,TOR,True,2-pointer,0,52-55,'TOR',trails
365,365,365,200212170MIL,39.1,27.2,2nd quarter,0:38.8,Morris Peterson,TOR,True,3-pointer,27,55-57,'TOR',trails
366,366,366,200212170MIL,35.7,3.7,3rd quarter,11:49.0,Jerome Williams,TOR,True,2-pointer,12,57-57,'TOR',tied
367,367,367,200212170MIL,24.0,5.0,3rd quarter,11:10.0,Nate Huffman,TOR,True,2-pointer,0,59-59,'TOR',tied
368,368,368,200212170MIL,26.8,9.6,3rd quarter,10:38.0,Nate Huffman,TOR,True,2-pointer,5,61-61,'TOR',tied
369,369,369,200212170MIL,11.5,21.8,3rd quarter,9:30.0,Morris Peterson,TOR,False,2-pointer,21,61-63,'TOR',trails
370,370,370,200212170MIL,24.0,5.0,3rd quarter,9:04.0,Jerome Williams,TOR,False,2-pointer,0,61-64,'TOR',trails
371,371,371,200212170MIL,24.0,5.0,3rd quarter,7:48.0,Morris Peterson,TOR,False,2-pointer,0,63-66,'TOR',trails
372,372,372,200212170MIL,36.6,8.3,3rd quarter,7:21.0,Alvin Williams,TOR,False,2-pointer,13,63-69,'TOR',trails
373,373,373,200212170MIL,39.3,26.4,3rd quarter,6:39.0,Morris Peterson,TOR,True,3-pointer,26,66-69,'TOR',trails
374,374,374,200212170MIL,40.5,10.5,3rd quarter,5:56.0,Morris Peterson,TOR,False,2-pointer,17,66-69,'TOR',trails
375,375,375,200212170MIL,24.0,5.0,3rd quarter,5:40.0,Voshon Lenard,TOR,True,2-pointer,0,68-69,'TOR',trails
376,376,376,200212170MIL,32.7,11.1,3rd quarter,4:21.0,Voshon Lenard,TOR,False,2-pointer,11,68-73,'TOR',trails
377,377,377,200212170MIL,24.0,6.7,3rd quarter,3:55.0,Jelani McCoy,TOR,False,2-pointer,2,68-75,'TOR',trails
378,378,378,200212170MIL,24.0,5.0,3rd quarter,3:36.0,Lindsey Hunter,TOR,False,2-pointer,0,70-77,'TOR',trails
379,379,379,200212170MIL,24.0,5.0,3rd quarter,3:34.0,Voshon Lenard,TOR,False,2-pointer,0,70-77,'TOR',trails
380,380,380,200212170MIL,35.7,3.2,3rd quarter,3:01.0,Voshon Lenard,TOR,False,2-pointer,12,70-77,'TOR',trails
381,381,381,200212170MIL,15.6,28.8,3rd quarter,2:38.0,Lindsey Hunter,TOR,False,3-pointer,25,70-78,'TOR',trails
382,382,382,200212170MIL,9.9,3.2,3rd quarter,1:47.0,Morris Peterson,TOR,True,2-pointer,14,72-78,'TOR',trails
383,383,383,200212170MIL,37.3,9.6,3rd quarter,1:02.0,Voshon Lenard,TOR,False,2-pointer,14,72-78,'TOR',trails
384,384,384,200212170MIL,10.2,26.2,3rd quarter,0:11.0,Lindsey Hunter,TOR,True,3-pointer,25,77-82,'TOR',trails
385,385,385,200212170MIL,33.8,7.6,4th quarter,10:57.0,Alvin Williams,TOR,False,2-pointer,10,79-84,'TOR',trails
386,386,386,200212170MIL,24.0,5.0,4th quarter,10:55.0,Morris Peterson,TOR,True,2-pointer,0,81-84,'TOR',trails
387,387,387,200212170MIL,10.7,27.4,4th quarter,9:42.0,Lindsey Hunter,TOR,True,3-pointer,26,84-87,'TOR',trails
388,388,388,200212170MIL,42.6,23.9,4th quarter,8:11.0,Alvin Williams,TOR,False,3-pointer,27,85-91,'TOR',trails
389,389,389,200212170MIL,24.0,5.0,4th quarter,8:00.0,Jelani McCoy,TOR,True,2-pointer,0,87-91,'TOR',trails
390,390,390,200212170MIL,24.0,5.0,4th quarter,7:22.0,Jelani McCoy,TOR,True,2-pointer,0,89-91,'TOR',trails
391,391,391,200212170MIL,32.4,16.4,4th quarter,6:36.0,Alvin Williams,TOR,True,2-pointer,14,91-91,'TOR',tied
392,392,392,200212170MIL,40.1,16.5,4th quarter,5:53.0,Jermaine Jackson,TOR,True,2-pointer,20,93-93,'TOR',tied
393,393,393,200212170MIL,24.6,10.8,4th quarter,5:07.0,Alvin Williams,TOR,True,2-pointer,6,95-93,'TOR',leads
394,394,394,200212170MIL,10.4,4.1,4th quarter,4:26.0,Alvin Williams,TOR,False,2-pointer,14,95-93,'TOR',leads
395,395,395,200212170MIL,45.2,20.0,4th quarter,3:32.0,Alvin Williams,TOR,False,3-pointer,26,95-96,'TOR',trails
396,396,396,200212170MIL,24.0,5.0,4th quarter,3:08.0,Voshon Lenard,TOR,True,2-pointer,0,97-96,'TOR',leads
397,397,397,200212170MIL,47.5,4.5,4th quarter,2:27.0,Voshon Lenard,TOR,False,3-pointer,24,97-98,'TOR',trails
398,398,398,200212170MIL,24.0,5.0,4th quarter,1:54.0,Voshon Lenard,TOR,False,2-pointer,0,97-98,'TOR',trails
399,399,399,200212170MIL,24.0,5.0,4th quarter,1:25.0,Jerome Williams,TOR,True,2-pointer,0,99-99,'TOR',tied
400,400,400,200212170MIL,24.0,5.0,4th quarter,0:52.9,Morris Peterson,TOR,False,2-pointer,0,99-101,'TOR',trails
401,401,401,200212170MIL,24.0,5.0,4th quarter,0:43.9,Alvin Williams,TOR,False,2-pointer,0,99-102,'TOR',trails
402,402,402,200212170MIL,24.0,5.0,4th quarter,0:37.0,Voshon Lenard,TOR,True,2-pointer,0,101-102,'TOR',trails
403,403,403,200212170MIL,39.3,27.5,4th quarter,0:01.5,Lindsey Hunter,TOR,True,3-pointer,27,104-104,'TOR',tied
404,404,404,200212170MIL,33.7,11.1,1st overtime,4:43.0,Morris Peterson,TOR,False,2-pointer,11,104-104,'TOR',tied
405,405,405,200212170MIL,34.0,3.1,1st overtime,4:12.0,Voshon Lenard,TOR,True,2-pointer,10,106-106,'TOR',tied
406,406,406,200212170MIL,32.5,3.4,1st overtime,3:40.0,Alvin Williams,TOR,False,2-pointer,9,106-108,'TOR',trails
407,407,407,200212170MIL,47.0,15.0,1st overtime,3:21.0,Morris Peterson,TOR,False,3-pointer,25,106-108,'TOR',trails
408,408,408,200212170MIL,14.5,19.0,1st overtime,2:36.0,Alvin Williams,TOR,False,2-pointer,17,106-111,'TOR',trails
409,409,409,200212170MIL,42.7,4.7,1st overtime,2:04.0,Alvin Williams,TOR,False,2-pointer,19,106-112,'TOR',trails
410,410,410,200212170MIL,31.5,8.1,1st overtime,1:55.0,Jerome Williams,TOR,True,2-pointer,8,108-112,'TOR',trails
411,411,411,200212170MIL,8.6,25.2,1st overtime,1:33.0,Lindsey Hunter,TOR,True,3-pointer,25,111-112,'TOR',trails
412,412,412,200212170MIL,34.7,28.3,1st overtime,0:31.3,Lindsey Hunter,TOR,False,3-pointer,26,113-114,'TOR',trails
413,413,413,200212170MIL,24.0,5.0,1st overtime,0:30.2,Alvin Williams,TOR,True,2-pointer,0,115-114,'TOR',leads
414,414,414,200212170MIL,20.2,5.8,1st quarter,11:45.0,Anthony Mason,MIL,True,2-pointer,4,2-0,'TOR',leads
415,415,415,200212170MIL,15.0,3.6,1st quarter,11:01.0,Sam Cassell,MIL,False,2-pointer,9,2-2,'TOR',tied
416,416,416,200212170MIL,15.1,3.9,1st quarter,10:04.0,Sam Cassell,MIL,False,2-pointer,9,4-4,'TOR',tied
417,417,417,200212170MIL,47.8,4.5,1st quarter,9:41.0,Tim Thomas,MIL,True,3-pointer,24,7-6,'TOR',leads
418,418,418,200212170MIL,6.6,4.1,1st quarter,9:10.0,Ray Allen,MIL,False,2-pointer,17,7-6,'TOR',leads
419,419,419,200212170MIL,24.0,5.0,1st quarter,9:07.0,Dan Gadzuric,MIL,True,2-pointer,0,9-6,'TOR',leads
420,420,420,200212170MIL,22.4,20.3,1st quarter,8:41.0,Tim Thomas,MIL,True,2-pointer,15,11-6,'TOR',leads
421,421,421,200212170MIL,24.0,5.0,1st quarter,8:07.0,Ray Allen,MIL,True,2-pointer,0,13-8,'TOR',leads
422,422,422,200212170MIL,13.2,3.6,1st quarter,7:33.0,Anthony Mason,MIL,True,2-pointer,11,15-10,'TOR',leads
423,423,423,200212170MIL,44.2,21.3,1st quarter,6:53.0,Ray Allen,MIL,False,3-pointer,26,15-12,'TOR',leads
424,424,424,200212170MIL,18.6,16.5,1st quarter,6:19.0,Ray Allen,MIL,True,2-pointer,13,17-12,'TOR',leads
425,425,425,200212170MIL,24.0,8.6,1st quarter,5:16.0,Anthony Mason,MIL,True,2-pointer,4,20-16,'TOR',leads
426,426,426,200212170MIL,33.0,11.1,1st quarter,4:41.0,Dan Gadzuric,MIL,False,2-pointer,11,20-16,'TOR',leads
427,427,427,200212170MIL,33.5,9.5,1st quarter,4:13.0,Ray Allen,MIL,True,2-pointer,11,22-18,'TOR',leads
428,428,428,200212170MIL,19.6,18.0,1st quarter,3:40.0,Sam Cassell,MIL,True,2-pointer,14,25-20,'TOR',leads
429,429,429,200212170MIL,14.6,3.9,1st quarter,3:07.0,Anthony Mason,MIL,False,2-pointer,9,25-22,'TOR',leads
430,430,430,200212170MIL,24.0,5.0,1st quarter,2:59.0,Joel Przybilla,MIL,True,2-pointer,0,27-22,'TOR',leads
431,431,431,200212170MIL,42.2,11.3,1st quarter,1:42.0,Michael Redd,MIL,True,2-pointer,19,31-29,'TOR',leads
432,432,432,200212170MIL,33.2,9.9,1st quarter,1:20.0,Sam Cassell,MIL,False,2-pointer,10,31-31,'TOR',tied
433,433,433,200212170MIL,24.0,5.0,1st quarter,1:00.0,Michael Redd,MIL,True,2-pointer,0,33-31,'TOR',leads
434,434,434,200212170MIL,24.0,5.0,1st quarter,0:29.5,Michael Redd,MIL,False,2-pointer,0,33-31,'TOR',leads
435,435,435,200212170MIL,47.5,4.2,2nd quarter,10:49.0,Michael Redd,MIL,False,3-pointer,24,33-37,'TOR',trails
436,436,436,200212170MIL,24.0,5.0,2nd quarter,10:45.0,Michael Redd,MIL,True,2-pointer,0,35-37,'TOR',trails
437,437,437,200212170MIL,32.4,6.3,2nd quarter,10:07.0,Kevin Ollie,MIL,False,2-pointer,9,35-39,'TOR',trails
438,438,438,200212170MIL,24.0,5.0,2nd quarter,9:23.0,Michael Redd,MIL,True,2-pointer,0,39-40,'TOR',trails
439,439,439,200212170MIL,24.0,5.0,2nd quarter,8:54.0,Michael Redd,MIL,True,2-pointer,0,41-40,'TOR',leads
440,440,440,200212170MIL,30.9,7.0,2nd quarter,8:29.0,Ray Allen,MIL,False,2-pointer,7,41-40,'TOR',leads
441,441,441,200212170MIL,37.3,4.5,2nd quarter,7:55.0,Tim Thomas,MIL,True,2-pointer,13,43-40,'TOR',leads
442,442,442,200212170MIL,24.0,5.0,2nd quarter,7:17.0,Ray Allen,MIL,False,2-pointer,0,43-43,'TOR',tied
443,443,443,200212170MIL,38.9,16.2,2nd quarter,7:10.0,Kevin Ollie,MIL,True,2-pointer,19,45-43,'TOR',leads
444,444,444,200212170MIL,31.4,4.9,2nd quarter,6:39.0,Ray Allen,MIL,True,2-pointer,7,47-43,'TOR',leads
445,445,445,200212170MIL,31.1,10.4,2nd quarter,5:55.0,Michael Redd,MIL,True,2-pointer,9,49-45,'TOR',leads
446,446,446,200212170MIL,28.7,4.5,2nd quarter,5:15.0,Jason Caffey,MIL,False,2-pointer,5,49-45,'TOR',leads
447,447,447,200212170MIL,15.0,3.6,2nd quarter,4:48.0,Ray Allen,MIL,False,2-pointer,9,49-45,'TOR',leads
448,448,448,200212170MIL,24.0,5.0,2nd quarter,4:45.0,Jason Caffey,MIL,True,2-pointer,0,51-45,'TOR',leads
449,449,449,200212170MIL,5.9,21.0,2nd quarter,4:18.0,Ray Allen,MIL,False,3-pointer,24,51-45,'TOR',leads
450,450,450,200212170MIL,7.2,3.2,2nd quarter,3:32.0,Sam Cassell,MIL,False,2-pointer,17,51-45,'TOR',leads
451,451,451,200212170MIL,30.2,11.6,2nd quarter,2:27.0,Michael Redd,MIL,False,2-pointer,9,53-48,'TOR',leads
452,452,452,200212170MIL,24.0,5.0,2nd quarter,2:14.0,Michael Redd,MIL,True,2-pointer,0,55-48,'TOR',leads
453,453,453,200212170MIL,36.1,4.2,2nd quarter,1:17.0,Sam Cassell,MIL,False,2-pointer,12,55-50,'TOR',leads
454,454,454,200212170MIL,14.1,7.6,2nd quarter,0:54.9,Ray Allen,MIL,True,2-pointer,10,57-52,'TOR',leads
455,455,455,200212170MIL,31.9,17.7,2nd quarter,0:21.4,Dan Gadzuric,MIL,False,2-pointer,15,57-55,'TOR',leads
456,456,456,200212170MIL,24.0,5.0,3rd quarter,11:31.0,Anthony Mason,MIL,True,2-pointer,0,59-57,'TOR',leads
457,457,457,200212170MIL,24.0,5.0,3rd quarter,11:00.0,Sam Cassell,MIL,True,2-pointer,0,61-59,'TOR',leads
458,458,458,200212170MIL,24.0,5.0,3rd quarter,10:15.0,Ray Allen,MIL,True,2-pointer,0,63-61,'TOR',leads
459,459,459,200212170MIL,25.6,11.4,3rd quarter,8:26.0,Ray Allen,MIL,False,2-pointer,7,66-63,'TOR',leads
460,460,460,200212170MIL,35.0,28.2,3rd quarter,8:03.0,Ray Allen,MIL,False,3-pointer,26,66-63,'TOR',leads
461,461,461,200212170MIL,4.3,22.6,3rd quarter,7:39.0,Sam Cassell,MIL,True,3-pointer,26,69-63,'TOR',leads
462,462,462,200212170MIL,11.0,3.6,3rd quarter,6:59.0,Tim Thomas,MIL,False,2-pointer,13,69-63,'TOR',leads
463,463,463,200212170MIL,24.0,5.0,3rd quarter,6:24.0,Anthony Mason,MIL,False,2-pointer,0,69-66,'TOR',leads
464,464,464,200212170MIL,24.0,5.0,3rd quarter,5:18.0,Tim Thomas,MIL,True,2-pointer,0,71-68,'TOR',leads
465,465,465,200212170MIL,11.2,14.1,3rd quarter,4:39.0,Michael Redd,MIL,True,2-pointer,16,73-68,'TOR',leads
466,466,466,200212170MIL,25.1,16.7,3rd quarter,3:20.0,Anthony Mason,MIL,False,2-pointer,12,77-70,'TOR',leads
467,467,467,200212170MIL,14.6,7.6,3rd quarter,2:20.0,Anthony Mason,MIL,False,2-pointer,10,78-70,'TOR',leads
468,468,468,200212170MIL,31.5,3.9,3rd quarter,1:25.0,Michael Redd,MIL,False,2-pointer,8,78-72,'TOR',leads
469,469,469,200212170MIL,31.2,6.0,3rd quarter,0:28.6,Sam Cassell,MIL,True,2-pointer,7,82-74,'TOR',leads
470,470,470,200212170MIL,25.1,8.1,4th quarter,11:39.0,Anthony Mason,MIL,True,2-pointer,3,84-78,'TOR',leads
471,471,471,200212170MIL,30.6,13.6,4th quarter,11:05.0,Michael Redd,MIL,False,2-pointer,11,84-79,'TOR',leads
472,472,472,200212170MIL,24.0,5.0,4th quarter,10:36.0,Kevin Ollie,MIL,False,2-pointer,0,84-81,'TOR',leads
473,473,473,200212170MIL,46.7,14.7,4th quarter,10:09.0,Ray Allen,MIL,True,3-pointer,25,87-81,'TOR',leads
474,474,474,200212170MIL,11.2,5.7,4th quarter,9:19.0,Ray Allen,MIL,True,2-pointer,13,89-84,'TOR',leads
475,475,475,200212170MIL,47.8,4.1,4th quarter,8:43.0,Ray Allen,MIL,False,3-pointer,24,89-85,'TOR',leads
476,476,476,200212170MIL,10.4,3.1,4th quarter,8:36.0,Ray Allen,MIL,True,2-pointer,14,91-85,'TOR',leads
477,477,477,200212170MIL,4.1,20.3,4th quarter,7:41.0,Ray Allen,MIL,False,3-pointer,25,91-87,'TOR',leads
478,478,478,200212170MIL,14.1,12.7,4th quarter,6:17.0,Kevin Ollie,MIL,True,2-pointer,13,93-91,'TOR',leads
479,479,479,200212170MIL,10.2,8.5,4th quarter,5:37.0,Ray Allen,MIL,False,2-pointer,14,93-93,'TOR',tied
480,480,480,200212170MIL,24.0,5.0,4th quarter,4:43.0,Tim Thomas,MIL,False,2-pointer,0,93-95,'TOR',trails
481,481,481,200212170MIL,24.0,5.0,4th quarter,4:41.0,Tim Thomas,MIL,False,2-pointer,0,93-95,'TOR',trails
482,482,482,200212170MIL,24.0,8.6,4th quarter,4:03.0,Anthony Mason,MIL,False,2-pointer,4,93-95,'TOR',trails
483,483,483,200212170MIL,2.0,15.2,4th quarter,3:57.0,Ray Allen,MIL,True,3-pointer,24,96-95,'TOR',leads
484,484,484,200212170MIL,25.1,22.6,4th quarter,3:22.0,Sam Cassell,MIL,False,2-pointer,18,96-95,'TOR',leads
485,485,485,200212170MIL,14.1,9.8,4th quarter,2:07.0,Tim Thomas,MIL,False,2-pointer,11,98-97,'TOR',leads
486,486,486,200212170MIL,7.7,5.2,4th quarter,2:02.0,Ray Allen,MIL,False,2-pointer,16,98-97,'TOR',leads
487,487,487,200212170MIL,32.7,18.5,4th quarter,1:10.0,Ray Allen,MIL,True,2-pointer,16,101-99,'TOR',leads
488,488,488,200212170MIL,24.0,5.0,4th quarter,0:19.8,Tim Thomas,MIL,False,2-pointer,0,102-101,'TOR',leads
489,489,489,200212170MIL,14.0,20.6,4th quarter,0:00.2,Sam Cassell,MIL,False,2-pointer,19,104-104,'TOR',tied
490,490,490,200212170MIL,47.3,5.0,1st overtime,3:28.0,Michael Redd,MIL,False,3-pointer,23,108-106,'TOR',leads
491,491,491,200212170MIL,2.2,16.7,1st overtime,2:56.0,Ray Allen,MIL,True,3-pointer,25,111-106,'TOR',leads
492,492,492,200212170MIL,29.2,7.6,1st overtime,2:22.0,Sam Cassell,MIL,False,2-pointer,6,111-106,'TOR',leads
493,493,493,200212170MIL,24.0,5.0,1st overtime,1:40.0,Michael Redd,MIL,False,2-pointer,0,112-108,'TOR',leads
494,494,494,200212170MIL,13.2,18.5,1st overtime,1:22.0,Sam Cassell,MIL,True,2-pointer,17,114-111,'TOR',leads
495,495,495,200212170MIL,33.2,28.7,1st overtime,0:51.4,Tim Thomas,MIL,False,3-pointer,25,114-113,'TOR',leads
496,496,496,200212170MIL,24.0,5.0,1st overtime,0:22.3,Ray Allen,MIL,False,2-pointer,0,114-115,'TOR',trails
497,497,497,200212170MIL,1.0,12.2,1st overtime,0:15.5,Ray Allen,MIL,True,3-pointer,24,117-118,'TOR',trails
498,498,498,200212170MIL,10.5,28.7,1st overtime,0:02.4,Ray Allen,MIL,False,3-pointer,27,117-122,'TOR',trails
499,499,499,200212170MIN,25.3,30.2,1st quarter,11:43.0,Derek Fisher,LAL,False,3-pointer,25,0-0,'LAL',tied
500,500,500,200212170MIN,43.5,2.7,1st quarter,11:36.0,Robert Horry,LAL,False,2-pointer,20,0-0,'LAL',tied
501,501,501,200212170MIN,15.6,23.4,1st quarter,11:00.0,Derek Fisher,LAL,False,2-pointer,20,0-0,'LAL',tied
502,502,502,200212170MIN,39.4,14.1,1st quarter,10:54.0,Derek Fisher,LAL,False,2-pointer,18,0-0,'LAL',tied
503,503,503,200212170MIN,32.7,7.6,1st quarter,10:02.0,Shaquille O'Neal,LAL,True,2-pointer,9,2-3,'LAL',trails
504,504,504,200212170MIN,24.0,5.0,1st quarter,8:41.0,Shaquille O'Neal,LAL,True,2-pointer,0,6-8,'LAL',trails
505,505,505,200212170MIN,6.4,10.6,1st quarter,7:33.0,Rick Fox,LAL,False,2-pointer,18,6-10,'LAL',trails
506,506,506,200212170MIN,24.0,5.0,1st quarter,7:10.0,Kobe Bryant,LAL,True,2-pointer,0,8-10,'LAL',trails
507,507,507,200212170MIN,1.5,9.6,1st quarter,6:26.0,Rick Fox,LAL,True,3-pointer,23,11-12,'LAL',trails
508,508,508,200212170MIN,36.8,9.8,1st quarter,5:54.0,Kobe Bryant,LAL,False,2-pointer,14,11-12,'LAL',trails
509,509,509,200212170MIN,47.2,2.2,1st quarter,5:33.0,Rick Fox,LAL,False,3-pointer,23,11-14,'LAL',trails
510,510,510,200212170MIN,37.5,17.3,1st quarter,5:09.0,Rick Fox,LAL,False,2-pointer,18,11-14,'LAL',trails
511,511,511,200212170MIN,24.0,5.0,1st quarter,4:58.0,Shaquille O'Neal,LAL,True,2-pointer,0,13-14,'LAL',trails
512,512,512,200212170MIN,24.0,5.0,1st quarter,4:22.0,Rick Fox,LAL,True,2-pointer,0,15-16,'LAL',trails
513,513,513,200212170MIN,6.3,4.2,1st quarter,3:29.0,Rick Fox,LAL,True,2-pointer,18,17-18,'LAL',trails
514,514,514,200212170MIN,11.2,4.1,1st quarter,1:54.0,Shaquille O'Neal,LAL,False,2-pointer,13,17-22,'LAL',trails
515,515,515,200212170MIN,12.5,17.2,1st quarter,1:24.0,Kobe Bryant,LAL,False,2-pointer,17,17-24,'LAL',trails
516,516,516,200212170MIN,46.7,1.9,1st quarter,0:29.0,Derek Fisher,LAL,False,3-pointer,23,18-24,'LAL',trails
517,517,517,200212170MIN,39.4,25.1,1st quarter,0:21.0,Robert Horry,LAL,False,3-pointer,25,18-24,'LAL',trails
518,518,518,200212170MIN,22.0,30.2,2nd quarter,11:23.0,Devean George,LAL,False,3-pointer,25,18-29,'LAL',trails
519,519,519,200212170MIN,28.1,12.9,2nd quarter,11:08.0,Samaki Walker,LAL,True,2-pointer,9,20-29,'LAL',trails
520,520,520,200212170MIN,14.5,28.0,2nd quarter,10:13.0,Brian Shaw,LAL,False,3-pointer,25,21-31,'LAL',trails
521,521,521,200212170MIN,36.5,18.3,2nd quarter,9:39.0,Samaki Walker,LAL,False,2-pointer,18,21-33,'LAL',trails
522,522,522,200212170MIN,39.3,4.1,2nd quarter,9:31.0,Kobe Bryant,LAL,False,2-pointer,15,21-33,'LAL',trails
523,523,523,200212170MIN,24.0,5.0,2nd quarter,9:29.0,Samaki Walker,LAL,False,2-pointer,0,21-33,'LAL',trails
524,524,524,200212170MIN,24.0,5.0,2nd quarter,8:49.0,Devean George,LAL,True,2-pointer,0,23-34,'LAL',trails
525,525,525,200212170MIN,24.0,5.0,2nd quarter,8:27.0,Kareem Rush,LAL,False,2-pointer,0,23-34,'LAL',trails
526,526,526,200212170MIN,14.6,9.6,2nd quarter,8:01.0,Brian Shaw,LAL,False,2-pointer,10,23-37,'LAL',trails
527,527,527,200212170MIN,11.5,20.0,2nd quarter,7:16.0,Devean George,LAL,True,2-pointer,20,25-39,'LAL',trails
528,528,528,200212170MIN,25.5,31.0,2nd quarter,6:28.0,Devean George,LAL,False,3-pointer,26,25-39,'LAL',trails
529,529,529,200212170MIN,24.0,5.0,2nd quarter,5:49.0,Shaquille O'Neal,LAL,False,2-pointer,0,25-39,'LAL',trails
530,530,530,200212170MIN,28.9,23.9,2nd quarter,5:18.0,Devean George,LAL,False,2-pointer,20,25-41,'LAL',trails
531,531,531,200212170MIN,31.2,7.3,2nd quarter,5:13.0,Shaquille O'Neal,LAL,False,2-pointer,8,25-41,'LAL',trails
532,532,532,200212170MIN,15.3,5.7,2nd quarter,5:10.0,Devean George,LAL,False,2-pointer,9,25-41,'LAL',trails
533,533,533,200212170MIN,43.2,11.4,2nd quarter,3:51.0,Derek Fisher,LAL,True,2-pointer,20,27-45,'LAL',trails
534,534,534,200212170MIN,0.7,4.1,2nd quarter,2:50.0,Rick Fox,LAL,True,3-pointer,23,31-47,'LAL',trails
535,535,535,200212170MIN,24.0,5.0,2nd quarter,2:12.0,Robert Horry,LAL,True,2-pointer,0,33-49,'LAL',trails
536,536,536,200212170MIN,24.0,5.0,2nd quarter,1:46.0,Shaquille O'Neal,LAL,True,2-pointer,0,36-49,'LAL',trails
537,537,537,200212170MIN,44.5,11.3,2nd quarter,1:03.0,Derek Fisher,LAL,False,2-pointer,21,36-51,'LAL',trails
538,538,538,200212170MIN,22.9,27.7,2nd quarter,0:41.1,Kobe Bryant,LAL,True,2-pointer,23,38-54,'LAL',trails
539,539,539,200212170MIN,8.7,15.9,2nd quarter,0:01.6,Kobe Bryant,LAL,False,2-pointer,19,38-54,'LAL',trails
540,540,540,200212170MIN,25.0,12.2,3rd quarter,11:25.0,Shaquille O'Neal,LAL,True,2-pointer,7,40-56,'LAL',trails
541,541,541,200212170MIN,24.0,5.0,3rd quarter,10:39.0,Kobe Bryant,LAL,False,2-pointer,0,40-56,'LAL',trails
542,542,542,200212170MIN,29.6,11.1,3rd quarter,10:10.0,Shaquille O'Neal,LAL,False,2-pointer,8,40-58,'LAL',trails
543,543,543,200212170MIN,39.9,19.3,3rd quarter,9:49.0,Kobe Bryant,LAL,True,2-pointer,21,42-58,'LAL',trails
544,544,544,200212170MIN,9.9,25.9,3rd quarter,9:06.0,Derek Fisher,LAL,True,3-pointer,25,45-58,'LAL',trails
545,545,545,200212170MIN,44.9,22.1,3rd quarter,7:45.0,Robert Horry,LAL,True,3-pointer,27,50-60,'LAL',trails
546,546,546,200212170MIN,40.4,17.0,3rd quarter,6:40.0,Kobe Bryant,LAL,True,2-pointer,20,52-62,'LAL',trails
547,547,547,200212170MIN,9.9,24.6,3rd quarter,6:00.0,Robert Horry,LAL,False,3-pointer,24,52-64,'LAL',trails
548,548,548,200212170MIN,10.7,22.3,3rd quarter,4:38.0,Derek Fisher,LAL,False,2-pointer,22,52-65,'LAL',trails
549,549,549,200212170MIN,24.0,5.0,3rd quarter,4:03.0,Shaquille O'Neal,LAL,True,2-pointer,0,54-65,'LAL',trails
550,550,550,200212170MIN,47.5,4.1,3rd quarter,3:08.0,Rick Fox,LAL,False,3-pointer,24,54-67,'LAL',trails
551,551,551,200212170MIN,34.5,16.0,3rd quarter,2:38.0,Robert Horry,LAL,False,2-pointer,15,54-67,'LAL',trails
552,552,552,200212170MIN,46.8,2.2,3rd quarter,1:28.0,Robert Horry,LAL,False,3-pointer,23,54-69,'LAL',trails
553,553,553,200212170MIN,24.0,5.0,3rd quarter,1:11.0,Kobe Bryant,LAL,False,2-pointer,0,54-69,'LAL',trails
554,554,554,200212170MIN,16.5,21.8,3rd quarter,0:38.1,Kobe Bryant,LAL,True,2-pointer,18,56-71,'LAL',trails
555,555,555,200212170MIN,38.1,23.7,4th quarter,11:36.0,Kobe Bryant,LAL,False,2-pointer,23,57-71,'LAL',trails
556,556,556,200212170MIN,42.9,4.4,4th quarter,10:48.0,Samaki Walker,LAL,False,2-pointer,19,57-73,'LAL',trails
557,557,557,200212170MIN,32.7,31.0,4th quarter,10:09.0,Samaki Walker,LAL,False,3-pointer,27,57-75,'LAL',trails
558,558,558,200212170MIN,24.0,5.0,4th quarter,9:29.0,Shaquille O'Neal,LAL,True,2-pointer,0,59-77,'LAL',trails
559,559,559,200212170MIN,24.0,5.0,4th quarter,8:55.0,Devean George,LAL,True,2-pointer,0,61-79,'LAL',trails
560,560,560,200212170MIN,23.2,11.9,4th quarter,8:28.0,Kobe Bryant,LAL,False,2-pointer,7,61-81,'LAL',trails
561,561,561,200212170MIN,43.5,14.1,4th quarter,7:59.0,Kobe Bryant,LAL,True,2-pointer,22,63-83,'LAL',trails
562,562,562,200212170MIN,27.9,30.8,4th quarter,6:58.0,Devean George,LAL,False,3-pointer,26,64-84,'LAL',trails
563,563,563,200212170MIN,16.6,24.4,4th quarter,6:32.0,Kareem Rush,LAL,True,2-pointer,21,66-84,'LAL',trails
564,564,564,200212170MIN,41.9,19.1,4th quarter,5:32.0,Kareem Rush,LAL,True,2-pointer,23,68-86,'LAL',trails
565,565,565,200212170MIN,29.2,17.2,4th quarter,4:55.0,Kareem Rush,LAL,False,2-pointer,13,68-86,'LAL',trails
566,566,566,200212170MIN,41.2,5.0,4th quarter,4:30.0,Devean George,LAL,False,2-pointer,17,68-86,'LAL',trails
567,567,567,200212170MIN,28.4,30.7,4th quarter,4:25.0,Brian Shaw,LAL,False,3-pointer,26,68-86,'LAL',trails
568,568,568,200212170MIN,30.7,20.8,4th quarter,3:56.0,Stanislav Medvedenko,LAL,True,2-pointer,17,70-86,'LAL',trails
569,569,569,200212170MIN,24.0,5.0,4th quarter,3:29.0,Stanislav Medvedenko,LAL,True,2-pointer,0,72-88,'LAL',trails
570,570,570,200212170MIN,37.0,21.6,4th quarter,2:55.0,Stanislav Medvedenko,LAL,False,2-pointer,21,72-90,'LAL',trails
571,571,571,200212170MIN,4.9,20.6,4th quarter,2:32.0,Brian Shaw,LAL,False,3-pointer,25,72-90,'LAL',trails
572,572,572,200212170MIN,19.7,12.6,4th quarter,2:13.0,Stanislav Medvedenko,LAL,False,2-pointer,9,72-90,'LAL',trails
573,573,573,200212170MIN,24.0,5.0,4th quarter,1:43.0,Mark Madsen,LAL,False,2-pointer,0,74-90,'LAL',trails
574,574,574,200212170MIN,8.6,10.6,4th quarter,1:28.0,Stanislav Medvedenko,LAL,False,2-pointer,16,74-90,'LAL',trails
575,575,575,200212170MIN,3.3,19.5,4th quarter,0:59.4,Kareem Rush,LAL,True,3-pointer,25,77-92,'LAL',trails
576,576,576,200212170MIN,6.1,22.8,4th quarter,0:39.9,Tracy Murray,LAL,True,3-pointer,25,80-94,'LAL',trails
577,577,577,200212170MIN,9.7,24.7,4th quarter,0:15.8,Tracy Murray,LAL,False,3-pointer,24,80-96,'LAL',trails
578,578,578,200212170MIN,7.6,5.7,1st quarter,11:22.0,Kevin Garnett,MIN,False,2-pointer,16,0-0,'LAL',tied
579,579,579,200212170MIN,42.1,22.6,1st quarter,10:32.0,Troy Hudson,MIN,True,3-pointer,25,3-0,'LAL',leads
580,580,580,200212170MIN,27.3,24.4,1st quarter,9:45.0,Rasho Nesterović,MIN,True,2-pointer,20,5-2,'LAL',leads
581,581,581,200212170MIN,1.0,3.9,1st quarter,9:03.0,Kendall Gill,MIN,True,3-pointer,23,8-4,'LAL',leads
582,582,582,200212170MIN,29.1,11.1,1st quarter,8:23.0,Gary Trent,MIN,False,2-pointer,8,8-6,'LAL',leads
583,583,583,200212170MIN,43.4,16.7,1st quarter,7:54.0,Troy Hudson,MIN,True,2-pointer,23,10-6,'LAL',leads
584,584,584,200212170MIN,6.9,16.7,1st quarter,7:21.0,Troy Hudson,MIN,False,2-pointer,21,10-6,'LAL',leads
585,585,585,200212170MIN,43.5,3.4,1st quarter,6:51.0,Kendall Gill,MIN,True,2-pointer,20,12-8,'LAL',leads
586,586,586,200212170MIN,41.6,4.7,1st quarter,6:07.0,Gary Trent,MIN,False,2-pointer,18,12-11,'LAL',leads
587,587,587,200212170MIN,24.0,5.0,1st quarter,5:45.0,Rasho Nesterović,MIN,True,2-pointer,0,14-11,'LAL',leads
588,588,588,200212170MIN,7.2,5.7,1st quarter,4:40.0,Kevin Garnett,MIN,True,2-pointer,17,16-13,'LAL',leads
589,589,589,200212170MIN,24.0,5.0,1st quarter,3:57.0,Rasho Nesterović,MIN,True,2-pointer,0,18-15,'LAL',leads
590,590,590,200212170MIN,39.8,18.7,1st quarter,3:10.0,Rasho Nesterović,MIN,False,2-pointer,21,18-17,'LAL',leads
591,591,591,200212170MIN,18.3,7.8,1st quarter,2:57.0,Rasho Nesterović,MIN,False,2-pointer,6,18-17,'LAL',leads
592,592,592,200212170MIN,24.8,13.2,1st quarter,2:54.0,Rasho Nesterović,MIN,False,2-pointer,8,18-17,'LAL',leads
593,593,593,200212170MIN,24.0,5.0,1st quarter,2:50.0,Joe Smith,MIN,True,2-pointer,0,20-17,'LAL',leads
594,594,594,200212170MIN,26.3,10.1,1st quarter,2:15.0,Kevin Garnett,MIN,True,2-pointer,6,22-17,'LAL',leads
595,595,595,200212170MIN,24.0,5.0,1st quarter,1:42.0,Kevin Garnett,MIN,True,2-pointer,0,24-17,'LAL',leads
596,596,596,200212170MIN,26.3,30.5,1st quarter,0:58.3,Anthony Peeler,MIN,False,3-pointer,26,24-18,'LAL',leads
597,597,597,200212170MIN,24.0,5.0,1st quarter,0:54.2,Joe Smith,MIN,False,2-pointer,0,24-18,'LAL',leads
598,598,598,200212170MIN,24.0,5.0,1st quarter,0:39.0,Troy Hudson,MIN,False,2-pointer,0,24-18,'LAL',leads
599,599,599,200212170MIN,29.4,27.4,1st quarter,0:00.0,Marc Jackson,MIN,True,2-pointer,23,26-18,'LAL',leads
600,600,600,200212170MIN,4.6,20.6,2nd quarter,11:47.0,Anthony Peeler,MIN,True,3-pointer,25,29-18,'LAL',leads
601,601,601,200212170MIN,28.9,22.9,2nd quarter,10:52.0,Rod Strickland,MIN,True,2-pointer,19,31-20,'LAL',leads
602,602,602,200212170MIN,36.5,15.4,2nd quarter,9:57.0,Marc Jackson,MIN,True,2-pointer,16,33-21,'LAL',leads
603,603,603,200212170MIN,43.2,3.7,2nd quarter,9:16.0,Kendall Gill,MIN,False,2-pointer,19,33-21,'LAL',leads
604,604,604,200212170MIN,24.0,5.0,2nd quarter,8:36.0,Rod Strickland,MIN,False,2-pointer,0,34-23,'LAL',leads
605,605,605,200212170MIN,3.5,17.7,2nd quarter,8:20.0,Anthony Peeler,MIN,True,3-pointer,24,37-23,'LAL',leads
606,606,606,200212170MIN,31.5,18.5,2nd quarter,7:54.0,Marc Jackson,MIN,False,2-pointer,15,37-23,'LAL',leads
607,607,607,200212170MIN,24.0,5.0,2nd quarter,7:36.0,Kendall Gill,MIN,True,2-pointer,0,39-23,'LAL',leads
608,608,608,200212170MIN,45.0,4.7,2nd quarter,6:53.0,Anthony Peeler,MIN,False,2-pointer,21,39-25,'LAL',leads
609,609,609,200212170MIN,35.0,11.4,2nd quarter,5:31.0,Kevin Garnett,MIN,True,2-pointer,13,41-25,'LAL',leads
610,610,610,200212170MIN,24.0,5.0,2nd quarter,5:03.0,Marc Jackson,MIN,True,2-pointer,0,43-25,'LAL',leads
611,611,611,200212170MIN,37.3,10.3,2nd quarter,4:33.0,Rod Strickland,MIN,False,2-pointer,14,43-25,'LAL',leads
612,612,612,200212170MIN,27.1,13.4,2nd quarter,4:15.0,Marc Jackson,MIN,False,2-pointer,9,43-25,'LAL',leads
613,613,613,200212170MIN,24.0,5.0,2nd quarter,4:14.0,Gary Trent,MIN,True,2-pointer,0,45-25,'LAL',leads
614,614,614,200212170MIN,24.0,24.7,2nd quarter,3:30.0,Marc Jackson,MIN,True,2-pointer,20,47-27,'LAL',leads
615,615,615,200212170MIN,38.3,2.9,2nd quarter,2:33.0,Kevin Garnett,MIN,True,2-pointer,14,49-31,'LAL',leads
616,616,616,200212170MIN,18.8,10.9,2nd quarter,1:54.0,Marc Jackson,MIN,False,2-pointer,8,49-34,'LAL',leads
617,617,617,200212170MIN,8.6,18.0,2nd quarter,1:26.0,Kendall Gill,MIN,True,2-pointer,20,51-36,'LAL',leads
618,618,618,200212170MIN,37.8,26.2,2nd quarter,0:51.3,Kevin Garnett,MIN,True,3-pointer,25,54-36,'LAL',leads
619,619,619,200212170MIN,41.2,23.9,2nd quarter,0:23.6,Troy Hudson,MIN,False,3-pointer,26,54-38,'LAL',leads
620,620,620,200212170MIN,24.0,5.0,2nd quarter,0:20.6,Gary Trent,MIN,False,2-pointer,0,54-38,'LAL',leads
621,621,621,200212170MIN,41.9,3.6,3rd quarter,11:48.0,Kevin Garnett,MIN,True,2-pointer,18,56-38,'LAL',leads
622,622,622,200212170MIN,39.4,24.6,3rd quarter,10:54.0,Troy Hudson,MIN,False,3-pointer,25,56-40,'LAL',leads
623,623,623,200212170MIN,24.0,5.0,3rd quarter,10:35.0,Troy Hudson,MIN,True,2-pointer,0,58-40,'LAL',leads
624,624,624,200212170MIN,25.0,13.6,3rd quarter,9:31.0,Kendall Gill,MIN,False,2-pointer,9,58-42,'LAL',leads
625,625,625,200212170MIN,41.4,11.8,3rd quarter,8:44.0,Kevin Garnett,MIN,False,2-pointer,19,58-45,'LAL',leads
626,626,626,200212170MIN,4.0,12.9,3rd quarter,8:19.0,Kendall Gill,MIN,True,2-pointer,22,60-47,'LAL',leads
627,627,627,200212170MIN,26.0,23.9,3rd quarter,7:56.0,Rasho Nesterović,MIN,False,2-pointer,19,60-47,'LAL',leads
628,628,628,200212170MIN,47.5,3.2,3rd quarter,7:19.0,Troy Hudson,MIN,False,3-pointer,24,60-50,'LAL',leads
629,629,629,200212170MIN,24.0,5.0,3rd quarter,7:07.0,Rasho Nesterović,MIN,True,2-pointer,0,62-50,'LAL',leads
630,630,630,200212170MIN,25.1,25.4,3rd quarter,6:24.0,Kevin Garnett,MIN,True,2-pointer,20,64-52,'LAL',leads
631,631,631,200212170MIN,37.3,13.9,3rd quarter,4:27.0,Troy Hudson,MIN,False,2-pointer,16,65-52,'LAL',leads
632,632,632,200212170MIN,29.4,14.5,3rd quarter,4:09.0,Rasho Nesterović,MIN,False,2-pointer,11,65-52,'LAL',leads
633,633,633,200212170MIN,24.0,5.0,3rd quarter,3:50.0,Rasho Nesterović,MIN,True,2-pointer,0,67-54,'LAL',leads
634,634,634,200212170MIN,35.7,21.3,3rd quarter,3:17.0,Troy Hudson,MIN,False,2-pointer,20,67-54,'LAL',leads
635,635,635,200212170MIN,1.5,17.2,3rd quarter,2:53.0,Anthony Peeler,MIN,False,3-pointer,26,67-54,'LAL',leads
636,636,636,200212170MIN,22.0,11.3,3rd quarter,1:50.0,Kevin Garnett,MIN,True,2-pointer,7,69-54,'LAL',leads
637,637,637,200212170MIN,37.6,7.6,3rd quarter,1:19.0,Joe Smith,MIN,False,2-pointer,14,69-54,'LAL',leads
638,638,638,200212170MIN,47.5,2.6,3rd quarter,0:24.4,Anthony Peeler,MIN,False,3-pointer,24,71-56,'LAL',leads
639,639,639,200212170MIN,40.1,6.8,4th quarter,11:09.0,Joe Smith,MIN,True,2-pointer,16,73-57,'LAL',leads
640,640,640,200212170MIN,24.0,5.0,4th quarter,10:36.0,Rod Strickland,MIN,True,2-pointer,0,75-57,'LAL',leads
641,641,641,200212170MIN,16.6,17.2,4th quarter,9:45.0,Marc Jackson,MIN,True,2-pointer,14,77-57,'LAL',leads
642,642,642,200212170MIN,41.9,4.2,4th quarter,9:14.0,Anthony Peeler,MIN,True,2-pointer,18,79-59,'LAL',leads
643,643,643,200212170MIN,24.0,5.0,4th quarter,8:22.0,Marc Jackson,MIN,True,2-pointer,0,83-61,'LAL',leads
644,644,644,200212170MIN,21.4,22.6,4th quarter,7:10.0,Marc Jackson,MIN,False,2-pointer,18,84-64,'LAL',leads
645,645,645,200212170MIN,18.9,24.9,4th quarter,6:39.0,Marc Jackson,MIN,False,2-pointer,21,84-64,'LAL',leads
646,646,646,200212170MIN,4.8,2.6,4th quarter,6:05.0,Anthony Peeler,MIN,False,2-pointer,19,84-66,'LAL',leads
647,647,647,200212170MIN,7.1,11.8,4th quarter,5:47.0,Anthony Peeler,MIN,True,2-pointer,18,86-66,'LAL',leads
648,648,648,200212170MIN,33.5,13.6,4th quarter,5:07.0,Kevin Garnett,MIN,False,2-pointer,13,86-68,'LAL',leads
649,649,649,200212170MIN,27.8,25.9,4th quarter,4:08.0,Rod Strickland,MIN,False,2-pointer,21,86-68,'LAL',leads
650,650,650,200212170MIN,27.6,16.5,4th quarter,3:36.0,Kevin Garnett,MIN,True,2-pointer,12,88-70,'LAL',leads
651,651,651,200212170MIN,42.7,20.1,4th quarter,2:45.0,Anthony Peeler,MIN,False,3-pointer,24,90-72,'LAL',leads
652,652,652,200212170MIN,24.0,5.0,4th quarter,1:51.0,Loren Woods,MIN,False,2-pointer,0,90-74,'LAL',leads
653,653,653,200212170MIN,3.3,3.1,4th quarter,1:35.0,Loren Woods,MIN,False,2-pointer,21,90-74,'LAL',leads
654,654,654,200212170MIN,24.0,5.0,4th quarter,1:12.0,Reggie Slater,MIN,True,2-pointer,0,92-74,'LAL',leads
655,655,655,200212170MIN,17.4,9.9,4th quarter,0:46.1,Igor Rakočević,MIN,True,2-pointer,8,94-77,'LAL',leads
656,656,656,200212170MIN,24.0,5.0,4th quarter,0:24.2,Rod Strickland,MIN,True,2-pointer,0,96-80,'LAL',leads
657,657,657,200212170NYK,17.3,3.9,1st quarter,11:43.0,Kenyon Martin,NJN,True,2-pointer,7,2-0,'NYK',leads
658,658,658,200212170NYK,24.0,5.0,1st quarter,11:06.0,Kenyon Martin,NJN,True,2-pointer,0,4-2,'NYK',leads
659,659,659,200212170NYK,36.3,7.0,1st quarter,10:34.0,Jason Collins,NJN,False,2-pointer,12,4-4,'NYK',tied
660,660,660,200212170NYK,35.3,3.1,1st quarter,10:04.0,Kenyon Martin,NJN,False,2-pointer,11,4-6,'NYK',trails
661,661,661,200212170NYK,39.6,4.2,1st quarter,9:35.0,Richard Jefferson,NJN,False,2-pointer,16,4-8,'NYK',trails
662,662,662,200212170NYK,24.0,5.0,1st quarter,8:39.0,Jason Collins,NJN,True,2-pointer,0,6-8,'NYK',trails
663,663,663,200212170NYK,42.9,5.5,1st quarter,8:13.0,Lucious Harris,NJN,False,2-pointer,19,6-8,'NYK',trails
664,664,664,200212170NYK,36.6,23.4,1st quarter,7:37.0,Richard Jefferson,NJN,False,2-pointer,22,6-10,'NYK',trails
665,665,665,200212170NYK,21.5,8.3,1st quarter,7:31.0,Jason Collins,NJN,True,2-pointer,4,8-10,'NYK',trails
666,666,666,200212170NYK,24.0,5.0,1st quarter,7:03.0,Jason Collins,NJN,True,2-pointer,0,10-10,'NYK',tied
667,667,667,200212170NYK,22.2,12.6,1st quarter,6:29.0,Richard Jefferson,NJN,False,2-pointer,8,10-12,'NYK',trails
668,668,668,200212170NYK,22.5,8.5,1st quarter,6:24.0,Kenyon Martin,NJN,False,2-pointer,4,10-12,'NYK',trails
669,669,669,200212170NYK,24.0,5.0,1st quarter,5:49.0,Jason Collins,NJN,False,2-pointer,0,10-14,'NYK',trails
670,670,670,200212170NYK,35.2,21.4,1st quarter,5:34.0,Jason Kidd,NJN,False,2-pointer,20,10-14,'NYK',trails
671,671,671,200212170NYK,24.0,5.0,1st quarter,5:12.0,Lucious Harris,NJN,True,2-pointer,0,12-14,'NYK',trails
672,672,672,200212170NYK,14.0,3.1,1st quarter,4:34.0,Jason Collins,NJN,True,2-pointer,10,14-17,'NYK',trails
673,673,673,200212170NYK,40.1,2.6,1st quarter,3:56.0,Lucious Harris,NJN,True,2-pointer,16,16-19,'NYK',trails
674,674,674,200212170NYK,40.7,5.0,1st quarter,3:24.0,Lucious Harris,NJN,False,2-pointer,17,16-19,'NYK',trails
675,675,675,200212170NYK,24.0,5.0,1st quarter,3:21.0,Rodney Rogers,NJN,True,2-pointer,0,18-19,'NYK',trails
676,676,676,200212170NYK,24.0,5.0,1st quarter,2:34.0,Jason Collins,NJN,False,2-pointer,0,18-21,'NYK',trails
677,677,677,200212170NYK,24.0,5.0,1st quarter,2:33.0,Jason Kidd,NJN,True,2-pointer,0,20-21,'NYK',trails
678,678,678,200212170NYK,24.0,5.0,1st quarter,2:04.0,Rodney Rogers,NJN,True,2-pointer,0,22-21,'NYK',leads
679,679,679,200212170NYK,24.0,5.0,1st quarter,1:37.0,Kenyon Martin,NJN,False,2-pointer,0,22-21,'NYK',leads
680,680,680,200212170NYK,21.7,10.9,1st quarter,1:15.0,Kenyon Martin,NJN,True,2-pointer,6,24-24,'NYK',tied
681,681,681,200212170NYK,24.0,5.0,1st quarter,0:48.7,Jason Kidd,NJN,True,2-pointer,0,26-24,'NYK',leads
682,682,682,200212170NYK,36.1,4.9,2nd quarter,10:52.0,Rodney Rogers,NJN,False,2-pointer,12,28-26,'NYK',leads
683,683,683,200212170NYK,10.5,1.1,2nd quarter,10:28.0,Anthony Johnson,NJN,True,2-pointer,14,30-28,'NYK',leads
684,684,684,200212170NYK,41.7,17.0,2nd quarter,10:05.0,Brandon Armstrong,NJN,False,2-pointer,21,30-28,'NYK',leads
685,685,685,200212170NYK,24.0,5.0,2nd quarter,9:20.0,Aaron Williams,NJN,True,2-pointer,0,32-28,'NYK',leads
686,686,686,200212170NYK,40.9,3.1,2nd quarter,8:44.0,Brandon Armstrong,NJN,False,2-pointer,17,32-28,'NYK',leads
687,687,687,200212170NYK,14.1,7.8,2nd quarter,8:22.0,Aaron Williams,NJN,False,2-pointer,10,32-28,'NYK',leads
688,688,688,200212170NYK,45.3,18.5,2nd quarter,8:14.0,Brandon Armstrong,NJN,False,3-pointer,25,32-28,'NYK',leads
689,689,689,200212170NYK,21.9,23.3,2nd quarter,7:17.0,Aaron Williams,NJN,True,2-pointer,18,34-28,'NYK',leads
690,690,690,200212170NYK,18.6,18.0,2nd quarter,6:34.0,Lucious Harris,NJN,True,2-pointer,14,36-30,'NYK',leads
691,691,691,200212170NYK,15.5,22.3,2nd quarter,6:05.0,Richard Jefferson,NJN,False,2-pointer,19,36-33,'NYK',leads
692,692,692,200212170NYK,30.1,7.3,2nd quarter,5:24.0,Kenyon Martin,NJN,True,2-pointer,7,38-35,'NYK',leads
693,693,693,200212170NYK,35.7,3.4,2nd quarter,4:10.0,Jason Collins,NJN,False,2-pointer,12,39-40,'NYK',trails
694,694,694,200212170NYK,24.0,5.0,2nd quarter,4:06.0,Jason Kidd,NJN,True,2-pointer,0,41-40,'NYK',leads
695,695,695,200212170NYK,24.0,5.0,2nd quarter,3:38.0,Jason Kidd,NJN,True,2-pointer,0,43-40,'NYK',leads
696,696,696,200212170NYK,24.0,5.0,2nd quarter,3:21.0,Jason Kidd,NJN,True,2-pointer,0,46-40,'NYK',leads
697,697,697,200212170NYK,24.0,5.0,2nd quarter,2:21.0,Jason Kidd,NJN,True,2-pointer,0,49-45,'NYK',leads
698,698,698,200212170NYK,24.0,5.0,2nd quarter,1:02.0,Jason Kidd,NJN,False,2-pointer,0,50-47,'NYK',leads
699,699,699,200212170NYK,24.0,5.0,2nd quarter,1:00.1,Jason Collins,NJN,False,2-pointer,0,50-47,'NYK',leads
700,700,700,200212170NYK,6.9,4.2,2nd quarter,0:07.9,Kenyon Martin,NJN,True,2-pointer,17,54-49,'NYK',leads
701,701,701,200212170NYK,24.0,5.0,3rd quarter,11:26.0,Richard Jefferson,NJN,True,2-pointer,0,56-51,'NYK',leads
702,702,702,200212170NYK,11.2,6.5,3rd quarter,10:38.0,Jason Kidd,NJN,False,2-pointer,13,56-51,'NYK',leads
703,703,703,200212170NYK,39.6,24.2,3rd quarter,10:06.0,Jason Kidd,NJN,True,3-pointer,25,59-53,'NYK',leads
704,704,704,200212170NYK,42.7,9.3,3rd quarter,9:36.0,Lucious Harris,NJN,False,2-pointer,19,59-53,'NYK',leads
705,705,705,200212170NYK,33.8,21.3,3rd quarter,9:09.0,Kenyon Martin,NJN,True,2-pointer,19,61-53,'NYK',leads
706,706,706,200212170NYK,24.0,5.0,3rd quarter,8:30.0,Kenyon Martin,NJN,False,2-pointer,0,61-53,'NYK',leads
707,707,707,200212170NYK,24.0,5.0,3rd quarter,8:10.0,Richard Jefferson,NJN,True,2-pointer,0,63-53,'NYK',leads
708,708,708,200212170NYK,47.0,14.9,3rd quarter,7:44.0,Lucious Harris,NJN,False,3-pointer,25,63-53,'NYK',leads
709,709,709,200212170NYK,7.6,12.9,3rd quarter,6:51.0,Jason Kidd,NJN,False,2-pointer,18,63-57,'NYK',leads
710,710,710,200212170NYK,24.0,5.0,3rd quarter,6:42.0,Kenyon Martin,NJN,True,2-pointer,0,65-57,'NYK',leads
711,711,711,200212170NYK,24.0,5.0,3rd quarter,6:04.0,Lucious Harris,NJN,True,2-pointer,0,67-60,'NYK',leads
712,712,712,200212170NYK,40.6,5.8,3rd quarter,5:32.0,Richard Jefferson,NJN,False,2-pointer,17,67-60,'NYK',leads
713,713,713,200212170NYK,10.0,19.3,3rd quarter,4:49.0,Lucious Harris,NJN,False,2-pointer,20,67-62,'NYK',leads
714,714,714,200212170NYK,18.4,5.2,3rd quarter,4:25.0,Kenyon Martin,NJN,False,2-pointer,6,67-64,'NYK',leads
715,715,715,200212170NYK,7.9,14.9,3rd quarter,3:43.0,Kenyon Martin,NJN,True,2-pointer,19,69-67,'NYK',leads
716,716,716,200212170NYK,24.0,5.0,3rd quarter,2:51.0,Lucious Harris,NJN,False,2-pointer,0,69-70,'NYK',trails
717,717,717,200212170NYK,24.0,5.0,3rd quarter,2:13.0,Rodney Rogers,NJN,False,2-pointer,0,69-72,'NYK',trails
718,718,718,200212170NYK,24.0,5.0,3rd quarter,2:12.0,Kenyon Martin,NJN,False,2-pointer,0,69-72,'NYK',trails
719,719,719,200212170NYK,24.0,5.0,3rd quarter,1:28.0,Rodney Rogers,NJN,False,2-pointer,0,72-75,'NYK',trails
720,720,720,200212170NYK,24.0,5.0,3rd quarter,0:57.2,Aaron Williams,NJN,True,2-pointer,0,74-76,'NYK',trails
721,721,721,200212170NYK,29.1,7.6,4th quarter,11:12.0,Rodney Rogers,NJN,False,2-pointer,6,77-78,'NYK',trails
722,722,722,200212170NYK,11.7,26.2,4th quarter,10:52.0,Jason Kidd,NJN,True,3-pointer,25,80-78,'NYK',leads
723,723,723,200212170NYK,38.3,21.4,4th quarter,10:11.0,Rodney Rogers,NJN,True,2-pointer,22,82-80,'NYK',leads
724,724,724,200212170NYK,26.8,10.6,4th quarter,9:35.0,Aaron Williams,NJN,False,2-pointer,6,82-82,'NYK',tied
725,725,725,200212170NYK,39.3,2.7,4th quarter,9:06.0,Jason Kidd,NJN,False,2-pointer,15,82-85,'NYK',trails
726,726,726,200212170NYK,27.9,29.0,4th quarter,8:28.0,Lucious Harris,NJN,False,3-pointer,24,82-85,'NYK',trails
727,727,727,200212170NYK,24.0,5.0,4th quarter,8:25.0,Richard Jefferson,NJN,True,2-pointer,0,84-85,'NYK',trails
728,728,728,200212170NYK,24.0,5.0,4th quarter,7:46.0,Aaron Williams,NJN,False,2-pointer,0,84-87,'NYK',trails
729,729,729,200212170NYK,24.0,5.0,4th quarter,7:27.0,Richard Jefferson,NJN,True,2-pointer,0,86-87,'NYK',trails
730,730,730,200212170NYK,31.7,29.2,4th quarter,6:57.0,Rodney Rogers,NJN,False,3-pointer,25,86-87,'NYK',trails
731,731,731,200212170NYK,46.5,16.5,4th quarter,6:34.0,Rodney Rogers,NJN,False,3-pointer,25,86-87,'NYK',trails
732,732,732,200212170NYK,24.0,5.0,4th quarter,5:35.0,Jason Kidd,NJN,False,2-pointer,0,88-87,'NYK',leads
733,733,733,200212170NYK,35.0,20.8,4th quarter,5:08.0,Jason Kidd,NJN,True,2-pointer,19,90-90,'NYK',tied
734,734,734,200212170NYK,10.9,20.1,4th quarter,3:16.0,Jason Kidd,NJN,False,2-pointer,20,93-92,'NYK',leads
735,735,735,200212170NYK,14.6,5.0,4th quarter,2:40.0,Kenyon Martin,NJN,False,2-pointer,9,93-93,'NYK',tied
736,736,736,200212170NYK,11.0,5.8,4th quarter,2:35.0,Lucious Harris,NJN,True,2-pointer,13,95-93,'NYK',leads
737,737,737,200212170NYK,24.0,5.0,4th quarter,0:54.6,Jason Kidd,NJN,True,2-pointer,0,97-97,'NYK',tied
738,738,738,200212170NYK,40.3,12.7,4th quarter,0:27.2,Jason Kidd,NJN,False,2-pointer,18,97-99,'NYK',trails
739,739,739,200212170NYK,24.0,5.0,4th quarter,0:25.9,Richard Jefferson,NJN,False,2-pointer,0,97-99,'NYK',trails
740,740,740,200212170NYK,34.7,12.6,4th quarter,0:03.1,Jason Kidd,NJN,False,2-pointer,13,99-101,'NYK',trails
741,741,741,200212170NYK,24.0,5.0,4th quarter,0:01.7,Richard Jefferson,NJN,False,2-pointer,0,99-101,'NYK',trails
742,742,742,200212170NYK,23.2,11.9,1st quarter,11:23.0,Kurt Thomas,NYK,True,2-pointer,7,2-2,'NYK',tied
743,743,743,200212170NYK,36.1,5.5,1st quarter,10:51.0,Othella Harrington,NYK,True,2-pointer,12,4-4,'NYK',tied
744,744,744,200212170NYK,15.3,6.8,1st quarter,10:22.0,Kurt Thomas,NYK,True,2-pointer,9,6-4,'NYK',leads
745,745,745,200212170NYK,5.8,3.2,1st quarter,9:54.0,Latrell Sprewell,NYK,True,2-pointer,18,8-4,'NYK',leads
746,746,746,200212170NYK,19.4,17.0,1st quarter,8:57.0,Kurt Thomas,NYK,False,2-pointer,13,8-4,'NYK',leads
747,747,747,200212170NYK,11.0,17.5,1st quarter,8:24.0,Latrell Sprewell,NYK,False,2-pointer,18,8-6,'NYK',leads
748,748,748,200212170NYK,34.3,23.3,1st quarter,8:04.0,Kurt Thomas,NYK,False,2-pointer,21,8-6,'NYK',leads
749,749,749,200212170NYK,41.2,1.4,1st quarter,7:56.0,Howard Eisley,NYK,True,2-pointer,18,10-6,'NYK',leads
750,750,750,200212170NYK,41.9,12.9,1st quarter,7:08.0,Kurt Thomas,NYK,False,2-pointer,20,10-8,'NYK',leads
751,751,751,200212170NYK,12.5,3.4,1st quarter,6:47.0,Allan Houston,NYK,True,2-pointer,12,12-10,'NYK',leads
752,752,752,200212170NYK,24.0,5.0,1st quarter,6:06.0,Allan Houston,NYK,True,2-pointer,0,14-10,'NYK',leads
753,753,753,200212170NYK,39.4,4.4,1st quarter,5:18.0,Allan Houston,NYK,False,2-pointer,15,14-10,'NYK',leads
754,754,754,200212170NYK,16.1,28.0,1st quarter,4:51.0,Howard Eisley,NYK,True,3-pointer,24,17-12,'NYK',leads
755,755,755,200212170NYK,20.4,12.1,1st quarter,4:10.0,Latrell Sprewell,NYK,True,2-pointer,8,19-14,'NYK',leads
756,756,756,200212170NYK,21.2,10.4,1st quarter,3:06.0,Kurt Thomas,NYK,True,2-pointer,6,21-18,'NYK',leads
757,757,757,200212170NYK,24.0,5.0,1st quarter,2:54.0,Allan Houston,NYK,False,2-pointer,0,21-18,'NYK',leads
758,758,758,200212170NYK,24.0,5.0,1st quarter,2:52.0,Othella Harrington,NYK,False,2-pointer,0,21-18,'NYK',leads
759,759,759,200212170NYK,41.6,8.0,1st quarter,2:11.0,Kurt Thomas,NYK,False,2-pointer,18,21-20,'NYK',leads
760,760,760,200212170NYK,41.7,13.7,1st quarter,1:47.0,Latrell Sprewell,NYK,False,2-pointer,20,21-22,'NYK',trails
761,761,761,200212170NYK,44.2,19.0,1st quarter,1:30.0,Howard Eisley,NYK,True,3-pointer,25,24-22,'NYK',leads
762,762,762,200212170NYK,24.0,5.0,1st quarter,0:56.6,Kurt Thomas,NYK,False,2-pointer,0,24-24,'NYK',tied
763,763,763,200212170NYK,24.0,5.0,1st quarter,0:55.6,Kurt Thomas,NYK,False,2-pointer,0,24-24,'NYK',tied
764,764,764,200212170NYK,45.5,18.2,1st quarter,0:35.1,Howard Eisley,NYK,False,3-pointer,25,24-26,'NYK',trails
765,765,765,200212170NYK,42.6,10.9,1st quarter,0:05.7,Howard Eisley,NYK,True,2-pointer,20,26-28,'NYK',trails
766,766,766,200212170NYK,39.8,21.0,2nd quarter,11:44.0,Allan Houston,NYK,False,2-pointer,22,26-28,'NYK',trails
767,767,767,200212170NYK,16.5,6.3,2nd quarter,11:08.0,Shandon Anderson,NYK,False,2-pointer,8,26-28,'NYK',trails
768,768,768,200212170NYK,24.0,5.0,2nd quarter,10:46.0,Shandon Anderson,NYK,True,2-pointer,0,28-28,'NYK',tied
769,769,769,200212170NYK,41.7,6.5,2nd quarter,10:13.0,Allan Houston,NYK,False,2-pointer,18,28-30,'NYK',trails
770,770,770,200212170NYK,7.7,7.8,2nd quarter,9:41.0,Kurt Thomas,NYK,False,2-pointer,17,28-30,'NYK',trails
771,771,771,200212170NYK,38.9,13.1,2nd quarter,7:55.0,Latrell Sprewell,NYK,False,2-pointer,17,28-32,'NYK',trails
772,772,772,200212170NYK,24.0,5.0,2nd quarter,6:57.0,Clarence Weatherspoon,NYK,True,2-pointer,0,30-34,'NYK',trails
773,773,773,200212170NYK,17.8,27.9,2nd quarter,6:18.0,Charlie Ward,NYK,True,3-pointer,24,33-36,'NYK',trails
774,774,774,200212170NYK,1.0,1.4,2nd quarter,5:48.0,Charlie Ward,NYK,False,3-pointer,23,33-36,'NYK',trails
775,775,775,200212170NYK,24.0,5.0,2nd quarter,5:42.0,Clarence Weatherspoon,NYK,True,2-pointer,0,35-36,'NYK',trails
776,776,776,200212170NYK,24.0,5.0,2nd quarter,5:13.0,Shandon Anderson,NYK,True,2-pointer,0,37-39,'NYK',trails
777,777,777,200212170NYK,47.5,1.8,2nd quarter,4:37.0,Shandon Anderson,NYK,True,3-pointer,24,40-39,'NYK',leads
778,778,778,200212170NYK,11.7,2.1,2nd quarter,3:29.0,Michael Doleac,NYK,False,2-pointer,13,40-44,'NYK',trails
779,779,779,200212170NYK,14.0,27.0,2nd quarter,3:10.0,Charlie Ward,NYK,True,3-pointer,24,43-47,'NYK',trails
780,780,780,200212170NYK,24.0,5.0,2nd quarter,2:44.0,Clarence Weatherspoon,NYK,True,2-pointer,0,45-47,'NYK',trails
781,781,781,200212170NYK,24.0,5.0,2nd quarter,2:01.0,Latrell Sprewell,NYK,True,2-pointer,0,47-49,'NYK',trails
782,782,782,200212170NYK,12.3,21.0,2nd quarter,1:35.0,Charlie Ward,NYK,False,2-pointer,20,47-49,'NYK',trails
783,783,783,200212170NYK,25.8,9.6,2nd quarter,1:11.0,Michael Doleac,NYK,False,2-pointer,5,47-50,'NYK',trails
784,784,784,200212170NYK,1.0,5.0,2nd quarter,0:33.6,Latrell Sprewell,NYK,False,3-pointer,23,47-52,'NYK',trails
785,785,785,200212170NYK,24.0,5.0,2nd quarter,0:30.6,Michael Doleac,NYK,True,2-pointer,0,49-52,'NYK',trails
786,786,786,200212170NYK,30.1,33.1,2nd quarter,0:01.5,Howard Eisley,NYK,False,3-pointer,29,49-54,'NYK',trails
787,787,787,200212170NYK,38.8,2.2,3rd quarter,11:45.0,Allan Houston,NYK,True,2-pointer,15,51-54,'NYK',trails
788,788,788,200212170NYK,10.5,6.7,3rd quarter,11:05.0,Latrell Sprewell,NYK,False,2-pointer,14,51-56,'NYK',trails
789,789,789,200212170NYK,24.0,5.0,3rd quarter,11:02.0,Kurt Thomas,NYK,False,2-pointer,0,51-56,'NYK',trails
790,790,790,200212170NYK,16.8,11.8,3rd quarter,10:26.0,Kurt Thomas,NYK,True,2-pointer,10,53-56,'NYK',trails
791,791,791,200212170NYK,7.6,14.9,3rd quarter,9:47.0,Allan Houston,NYK,False,2-pointer,19,53-59,'NYK',trails
792,792,792,200212170NYK,42.4,7.6,3rd quarter,8:42.0,Allan Houston,NYK,False,2-pointer,19,53-61,'NYK',trails
793,793,793,200212170NYK,9.5,19.0,3rd quarter,7:31.0,Allan Houston,NYK,True,2-pointer,20,55-63,'NYK',trails
794,794,794,200212170NYK,11.5,2.4,3rd quarter,6:22.0,Allan Houston,NYK,True,2-pointer,13,59-65,'NYK',trails
795,795,795,200212170NYK,9.2,15.0,3rd quarter,5:40.0,Allan Houston,NYK,False,2-pointer,18,60-67,'NYK',trails
796,796,796,200212170NYK,36.0,17.8,3rd quarter,5:18.0,Kurt Thomas,NYK,False,2-pointer,18,60-67,'NYK',trails
797,797,797,200212170NYK,24.0,5.0,3rd quarter,5:09.0,Allan Houston,NYK,True,2-pointer,0,62-67,'NYK',trails
798,798,798,200212170NYK,24.0,5.0,3rd quarter,4:44.0,Kurt Thomas,NYK,True,2-pointer,0,64-67,'NYK',trails
799,799,799,200212170NYK,47.6,1.8,3rd quarter,4:03.0,Latrell Sprewell,NYK,True,3-pointer,24,67-67,'NYK',tied
800,800,800,200212170NYK,37.5,26.2,3rd quarter,3:19.0,Latrell Sprewell,NYK,True,3-pointer,25,70-69,'NYK',leads
801,801,801,200212170NYK,22.7,26.4,3rd quarter,2:33.0,Howard Eisley,NYK,True,2-pointer,21,72-69,'NYK',leads
802,802,802,200212170NYK,41.1,23.1,3rd quarter,1:46.0,Allan Houston,NYK,True,3-pointer,25,75-72,'NYK',leads
803,803,803,200212170NYK,14.1,2.9,3rd quarter,1:11.0,Latrell Sprewell,NYK,False,2-pointer,10,75-72,'NYK',leads
804,804,804,200212170NYK,20.6,10.1,3rd quarter,0:38.1,Latrell Sprewell,NYK,False,2-pointer,6,76-74,'NYK',leads
805,805,805,200212170NYK,24.0,5.0,3rd quarter,0:36.5,Othella Harrington,NYK,False,2-pointer,0,76-74,'NYK',leads
806,806,806,200212170NYK,41.4,2.4,3rd quarter,0:00.2,Othella Harrington,NYK,False,2-pointer,18,76-75,'NYK',leads
807,807,807,200212170NYK,8.1,8.3,4th quarter,11:26.0,Allan Houston,NYK,True,2-pointer,16,78-77,'NYK',leads
808,808,808,200212170NYK,24.0,5.0,4th quarter,10:31.0,Allan Houston,NYK,False,2-pointer,0,78-80,'NYK',trails
809,809,809,200212170NYK,24.0,5.0,4th quarter,10:30.0,Clarence Weatherspoon,NYK,True,2-pointer,0,80-80,'NYK',tied
810,810,810,200212170NYK,4.5,13.4,4th quarter,9:51.0,Allan Houston,NYK,True,2-pointer,21,82-82,'NYK',tied
811,811,811,200212170NYK,1.5,12.4,4th quarter,9:22.0,Allan Houston,NYK,True,3-pointer,24,85-82,'NYK',leads
812,812,812,200212170NYK,24.0,5.0,4th quarter,8:59.0,Latrell Sprewell,NYK,False,2-pointer,0,85-82,'NYK',leads
813,813,813,200212170NYK,37.6,15.0,4th quarter,8:38.0,Latrell Sprewell,NYK,False,2-pointer,17,85-82,'NYK',leads
814,814,814,200212170NYK,24.0,5.0,4th quarter,7:09.0,Clarence Weatherspoon,NYK,False,2-pointer,0,87-86,'NYK',leads
815,815,815,200212170NYK,19.4,13.4,4th quarter,6:45.0,Michael Doleac,NYK,False,2-pointer,10,87-86,'NYK',leads
816,816,816,200212170NYK,40.3,23.7,4th quarter,6:18.0,Allan Houston,NYK,False,3-pointer,25,87-86,'NYK',leads
817,817,817,200212170NYK,44.9,18.2,4th quarter,5:53.0,Charlie Ward,NYK,False,3-pointer,25,87-88,'NYK',trails
818,818,818,200212170NYK,4.1,18.3,4th quarter,5:49.0,Allan Houston,NYK,False,3-pointer,24,87-88,'NYK',trails
819,819,819,200212170NYK,24.0,5.0,4th quarter,5:43.0,Charlie Ward,NYK,False,2-pointer,0,87-88,'NYK',trails
820,820,820,200212170NYK,24.0,5.0,4th quarter,5:40.0,Clarence Weatherspoon,NYK,False,2-pointer,0,87-88,'NYK',trails
821,821,821,200212170NYK,0.7,1.9,4th quarter,5:27.0,Charlie Ward,NYK,True,3-pointer,24,90-88,'NYK',leads
822,822,822,200212170NYK,21.1,22.8,4th quarter,4:48.0,Allan Houston,NYK,False,2-pointer,18,90-90,'NYK',tied
823,823,823,200212170NYK,35.7,18.7,4th quarter,4:29.0,Kurt Thomas,NYK,False,2-pointer,18,90-90,'NYK',tied
824,824,824,200212170NYK,20.4,24.4,4th quarter,3:53.0,Latrell Sprewell,NYK,False,2-pointer,20,90-93,'NYK',trails
825,825,825,200212170NYK,19.1,13.2,4th quarter,3:39.0,Kurt Thomas,NYK,True,2-pointer,10,92-93,'NYK',trails
826,826,826,200212170NYK,24.0,5.0,4th quarter,3:09.0,Clarence Weatherspoon,NYK,False,2-pointer,0,92-93,'NYK',trails
827,827,827,200212170NYK,21.4,8.1,4th quarter,2:15.0,Kurt Thomas,NYK,True,2-pointer,4,95-95,'NYK',tied
828,828,828,200212170NYK,6.3,2.7,4th quarter,1:41.0,Allan Houston,NYK,False,2-pointer,18,95-95,'NYK',tied
829,829,829,200212170NYK,17.3,4.9,4th quarter,1:26.0,Clarence Weatherspoon,NYK,False,2-pointer,7,95-95,'NYK',tied
830,830,830,200212170NYK,42.1,9.5,4th quarter,1:17.0,Kurt Thomas,NYK,True,2-pointer,19,97-95,'NYK',leads
831,831,831,200212170NYK,20.7,15.0,4th quarter,0:36.6,Allan Houston,NYK,True,2-pointer,11,99-97,'NYK',leads
832,832,832,200212170POR,24.0,5.0,1st quarter,11:29.0,Jamaal Magloire,NOH,False,2-pointer,0,0-2,'POR',trails
833,833,833,200212170POR,24.0,5.0,1st quarter,10:53.0,P.J. Brown,NOH,True,2-pointer,0,2-4,'POR',trails
834,834,834,200212170POR,11.0,20.8,1st quarter,10:18.0,David Wesley,NOH,False,2-pointer,20,2-4,'POR',trails
835,835,835,200212170POR,24.0,5.0,1st quarter,10:17.0,P.J. Brown,NOH,False,2-pointer,0,2-4,'POR',trails
836,836,836,200212170POR,26.9,8.5,1st quarter,10:09.0,Jamaal Magloire,NOH,True,2-pointer,5,4-4,'POR',tied
837,837,837,200212170POR,42.1,5.7,1st quarter,9:26.0,David Wesley,NOH,True,2-pointer,18,6-6,'POR',tied
838,838,838,200212170POR,46.7,4.1,1st quarter,9:06.0,David Wesley,NOH,False,3-pointer,23,6-6,'POR',tied
839,839,839,200212170POR,9.5,20.3,1st quarter,8:37.0,Jamal Mashburn,NOH,True,2-pointer,21,10-8,'POR',leads
840,840,840,200212170POR,24.0,5.0,1st quarter,8:14.0,David Wesley,NOH,True,2-pointer,0,12-10,'POR',leads
841,841,841,200212170POR,9.9,12.9,1st quarter,7:48.0,Jamal Mashburn,NOH,False,2-pointer,16,13-12,'POR',leads
842,842,842,200212170POR,24.0,5.0,1st quarter,7:19.0,Jamaal Magloire,NOH,True,2-pointer,0,15-14,'POR',leads
843,843,843,200212170POR,35.5,27.4,1st quarter,6:10.0,Jamal Mashburn,NOH,False,3-pointer,25,15-14,'POR',leads
844,844,844,200212170POR,24.0,5.0,1st quarter,5:06.0,Jamal Mashburn,NOH,False,2-pointer,0,15-18,'POR',trails
845,845,845,200212170POR,25.3,11.1,1st quarter,4:36.0,Jamal Mashburn,NOH,False,2-pointer,6,15-18,'POR',trails
846,846,846,200212170POR,13.8,27.0,1st quarter,4:13.0,Baron Davis,NOH,True,3-pointer,24,18-18,'POR',tied
847,847,847,200212170POR,24.0,5.0,1st quarter,3:43.0,Baron Davis,NOH,True,2-pointer,0,20-18,'POR',leads
848,848,848,200212170POR,24.1,8.5,1st quarter,3:07.0,P.J. Brown,NOH,True,2-pointer,4,22-20,'POR',leads
849,849,849,200212170POR,24.0,5.0,1st quarter,2:42.0,Baron Davis,NOH,True,2-pointer,0,24-20,'POR',leads
850,850,850,200212170POR,24.0,5.0,1st quarter,2:22.0,Jamal Mashburn,NOH,True,2-pointer,0,26-22,'POR',leads
851,851,851,200212170POR,17.3,5.3,1st quarter,1:32.0,Baron Davis,NOH,False,2-pointer,7,26-24,'POR',leads
852,852,852,200212170POR,24.0,5.0,1st quarter,0:48.5,Jamaal Magloire,NOH,True,2-pointer,0,28-25,'POR',leads
853,853,853,200212170POR,31.9,11.4,1st quarter,0:17.4,Robert Traylor,NOH,False,2-pointer,10,28-25,'POR',leads
854,854,854,200212170POR,34.3,11.4,2nd quarter,11:51.0,Baron Davis,NOH,False,2-pointer,12,28-25,'POR',leads
855,855,855,200212170POR,24.0,5.0,2nd quarter,11:10.0,Elden Campbell,NOH,True,2-pointer,0,30-28,'POR',leads
856,856,856,200212170POR,7.9,3.9,2nd quarter,9:52.0,Courtney Alexander,NOH,True,2-pointer,16,32-28,'POR',leads
857,857,857,200212170POR,43.7,4.5,2nd quarter,9:02.0,Elden Campbell,NOH,False,2-pointer,20,32-28,'POR',leads
858,858,858,200212170POR,24.0,5.0,2nd quarter,9:00.0,George Lynch,NOH,True,2-pointer,0,34-28,'POR',leads
859,859,859,200212170POR,5.4,15.7,2nd quarter,8:21.0,Courtney Alexander,NOH,False,2-pointer,21,34-31,'POR',leads
860,860,860,200212170POR,27.3,7.6,2nd quarter,7:59.0,Elden Campbell,NOH,False,2-pointer,4,35-31,'POR',leads
861,861,861,200212170POR,4.1,5.0,2nd quarter,7:23.0,George Lynch,NOH,False,2-pointer,20,35-31,'POR',leads
862,862,862,200212170POR,46.8,8.8,2nd quarter,6:52.0,Baron Davis,NOH,False,3-pointer,23,35-33,'POR',leads
863,863,863,200212170POR,24.0,5.0,2nd quarter,5:53.0,P.J. Brown,NOH,False,2-pointer,0,37-35,'POR',leads
864,864,864,200212170POR,24.0,5.0,2nd quarter,5:24.0,Courtney Alexander,NOH,False,2-pointer,0,37-37,'POR',tied
865,865,865,200212170POR,24.0,5.0,2nd quarter,4:48.0,Elden Campbell,NOH,False,2-pointer,0,37-39,'POR',trails
866,866,866,200212170POR,22.4,8.1,2nd quarter,4:32.0,Jamal Mashburn,NOH,True,2-pointer,3,39-39,'POR',tied
867,867,867,200212170POR,40.9,9.6,2nd quarter,3:49.0,P.J. Brown,NOH,True,2-pointer,18,41-39,'POR',leads
868,868,868,200212170POR,6.6,21.4,2nd quarter,3:21.0,Jamal Mashburn,NOH,True,3-pointer,24,44-39,'POR',leads
869,869,869,200212170POR,15.8,19.1,2nd quarter,2:40.0,Jamal Mashburn,NOH,False,2-pointer,16,44-41,'POR',leads
870,870,870,200212170POR,18.9,6.0,2nd quarter,2:30.0,Jamal Mashburn,NOH,False,2-pointer,5,44-41,'POR',leads
871,871,871,200212170POR,42.1,5.0,2nd quarter,2:04.0,Stacey Augmon,NOH,True,2-pointer,18,46-44,'POR',leads
872,872,872,200212170POR,20.9,9.0,2nd quarter,1:14.0,Jamal Mashburn,NOH,True,2-pointer,5,48-46,'POR',leads
873,873,873,200212170POR,33.5,10.3,3rd quarter,11:38.0,Jamal Mashburn,NOH,False,2-pointer,11,49-50,'POR',trails
874,874,874,200212170POR,24.0,5.0,3rd quarter,11:36.0,P.J. Brown,NOH,True,2-pointer,0,51-50,'POR',leads
875,875,875,200212170POR,24.0,12.2,3rd quarter,11:07.0,Baron Davis,NOH,True,2-pointer,7,54-52,'POR',leads
876,876,876,200212170POR,4.6,15.0,3rd quarter,10:27.0,David Wesley,NOH,False,2-pointer,22,54-54,'POR',tied
877,877,877,200212170POR,1.5,4.7,3rd quarter,9:52.0,Baron Davis,NOH,True,3-pointer,23,57-54,'POR',leads
878,878,878,200212170POR,21.1,14.4,3rd quarter,7:34.0,Baron Davis,NOH,False,2-pointer,10,59-62,'POR',trails
879,879,879,200212170POR,24.0,5.0,3rd quarter,6:56.0,Jamaal Magloire,NOH,True,2-pointer,0,61-62,'POR',trails
880,880,880,200212170POR,41.4,7.2,3rd quarter,5:46.0,David Wesley,NOH,True,2-pointer,18,63-66,'POR',trails
881,881,881,200212170POR,28.1,29.5,3rd quarter,5:17.0,David Wesley,NOH,True,3-pointer,25,66-68,'POR',trails
882,882,882,200212170POR,40.3,20.8,3rd quarter,4:51.0,David Wesley,NOH,False,2-pointer,23,66-68,'POR',trails
883,883,883,200212170POR,22.2,11.9,3rd quarter,4:13.0,Stacey Augmon,NOH,False,2-pointer,7,66-68,'POR',trails
884,884,884,200212170POR,47.2,4.4,3rd quarter,3:33.0,David Wesley,NOH,False,3-pointer,23,66-71,'POR',trails
885,885,885,200212170POR,24.0,5.0,3rd quarter,2:40.0,Baron Davis,NOH,False,2-pointer,0,66-74,'POR',trails
886,886,886,200212170POR,24.0,5.0,3rd quarter,2:22.0,Baron Davis,NOH,True,2-pointer,0,68-74,'POR',trails
887,887,887,200212170POR,24.0,5.0,3rd quarter,1:07.0,Baron Davis,NOH,False,2-pointer,0,68-74,'POR',trails
888,888,888,200212170POR,23.4,25.4,3rd quarter,0:32.8,Stacey Augmon,NOH,False,2-pointer,20,68-74,'POR',trails
889,889,889,200212170POR,17.8,5.0,3rd quarter,0:13.7,Stacey Augmon,NOH,False,2-pointer,6,68-76,'POR',trails
890,890,890,200212170POR,32.4,14.1,4th quarter,11:22.0,Elden Campbell,NOH,False,2-pointer,12,68-78,'POR',trails
891,891,891,200212170POR,7.4,8.8,4th quarter,11:08.0,Jamal Mashburn,NOH,True,2-pointer,17,70-78,'POR',trails
892,892,892,200212170POR,24.0,5.0,4th quarter,10:33.0,Stacey Augmon,NOH,True,2-pointer,0,73-78,'POR',trails
893,893,893,200212170POR,1.3,11.8,4th quarter,9:32.0,Courtney Alexander,NOH,False,3-pointer,24,73-83,'POR',trails
894,894,894,200212170POR,39.9,23.3,4th quarter,8:51.0,Jamal Mashburn,NOH,True,3-pointer,24,77-83,'POR',trails
895,895,895,200212170POR,37.0,22.1,4th quarter,8:27.0,Baron Davis,NOH,False,2-pointer,21,77-83,'POR',trails
896,896,896,200212170POR,30.7,27.9,4th quarter,7:45.0,Baron Davis,NOH,True,3-pointer,24,80-84,'POR',trails
897,897,897,200212170POR,31.5,23.3,4th quarter,7:05.0,Jamal Mashburn,NOH,False,2-pointer,20,80-86,'POR',trails
898,898,898,200212170POR,41.6,4.9,4th quarter,4:15.0,Elden Campbell,NOH,False,2-pointer,18,83-91,'POR',trails
899,899,899,200212170POR,16.5,12.4,4th quarter,3:07.0,P.J. Brown,NOH,False,2-pointer,11,85-94,'POR',trails
900,900,900,200212170POR,26.4,13.4,4th quarter,2:51.0,Jamal Mashburn,NOH,False,2-pointer,9,85-96,'POR',trails
901,901,901,200212170POR,24.0,5.0,4th quarter,2:18.0,Baron Davis,NOH,False,2-pointer,0,85-98,'POR',trails
902,902,902,200212170POR,24.5,8.1,4th quarter,1:53.0,David Wesley,NOH,False,2-pointer,3,85-98,'POR',trails
903,903,903,200212170POR,5.6,20.3,4th quarter,1:24.0,Baron Davis,NOH,False,3-pointer,24,85-101,'POR',trails
904,904,904,200212170POR,24.0,5.0,4th quarter,1:16.0,Jamaal Magloire,NOH,True,2-pointer,0,87-101,'POR',trails
905,905,905,200212170POR,44.0,18.5,4th quarter,0:50.9,Baron Davis,NOH,True,3-pointer,24,91-101,'POR',trails
906,906,906,200212170POR,24.0,5.0,4th quarter,0:21.1,David Wesley,NOH,True,2-pointer,0,93-102,'POR',trails
907,907,907,200212170POR,19.9,7.6,1st quarter,11:49.0,Bonzi Wells,POR,True,2-pointer,5,2-0,'POR',leads
908,908,908,200212170POR,24.0,5.0,1st quarter,11:03.0,Dale Davis,POR,True,2-pointer,0,4-0,'POR',leads
909,909,909,200212170POR,33.6,10.7,1st quarter,10:40.0,Derek Anderson,POR,False,2-pointer,11,4-2,'POR',leads
910,910,910,200212170POR,34.5,10.4,1st quarter,9:55.0,Dale Davis,POR,False,2-pointer,12,4-4,'POR',tied
911,911,911,200212170POR,16.1,4.1,1st quarter,9:35.0,Scottie Pippen,POR,True,2-pointer,8,6-4,'POR',leads
912,912,912,200212170POR,16.5,8.1,1st quarter,8:21.0,Rasheed Wallace,POR,True,2-pointer,8,10-10,'POR',tied
913,913,913,200212170POR,16.9,5.5,1st quarter,8:02.0,Scottie Pippen,POR,True,2-pointer,7,12-12,'POR',tied
914,914,914,200212170POR,15.6,24.2,1st quarter,7:35.0,Derek Anderson,POR,True,2-pointer,21,14-13,'POR',leads
915,915,915,200212170POR,7.2,13.1,1st quarter,6:27.0,Bonzi Wells,POR,False,2-pointer,19,14-15,'POR',trails
916,916,916,200212170POR,34.3,4.5,1st quarter,5:55.0,Bonzi Wells,POR,True,2-pointer,10,16-15,'POR',leads
917,917,917,200212170POR,24.0,5.0,1st quarter,5:25.0,Derek Anderson,POR,True,2-pointer,0,18-15,'POR',leads
918,918,918,200212170POR,37.8,25.4,1st quarter,4:58.0,Derek Anderson,POR,False,3-pointer,25,18-15,'POR',leads
919,919,919,200212170POR,34.8,5.0,1st quarter,4:21.0,Bonzi Wells,POR,False,2-pointer,11,18-15,'POR',leads
920,920,920,200212170POR,13.7,23.9,1st quarter,3:45.0,Derek Anderson,POR,False,2-pointer,22,18-18,'POR',tied
921,921,921,200212170POR,17.8,3.7,1st quarter,3:27.0,Rasheed Wallace,POR,True,2-pointer,6,20-20,'POR',tied
922,922,922,200212170POR,13.7,6.7,1st quarter,2:49.0,Rasheed Wallace,POR,False,2-pointer,10,20-22,'POR',trails
923,923,923,200212170POR,24.0,5.0,1st quarter,2:27.0,Scottie Pippen,POR,True,2-pointer,0,22-24,'POR',trails
924,924,924,200212170POR,3.5,13.4,1st quarter,1:56.0,Rasheed Wallace,POR,False,2-pointer,22,22-26,'POR',trails
925,925,925,200212170POR,24.0,5.0,1st quarter,1:54.0,Bonzi Wells,POR,True,2-pointer,0,24-26,'POR',trails
926,926,926,200212170POR,5.4,20.8,1st quarter,0:00.5,Bonzi Wells,POR,False,3-pointer,24,25-28,'POR',trails
927,927,927,200212170POR,22.8,19.7,1st quarter,0:00.4,Rasheed Wallace,POR,False,2-pointer,15,25-28,'POR',trails
928,928,928,200212170POR,24.0,5.0,2nd quarter,11:23.0,Bonzi Wells,POR,True,2-pointer,0,28-28,'POR',tied
929,929,929,200212170POR,34.7,5.2,2nd quarter,10:08.0,Arvydas Sabonis,POR,False,2-pointer,11,28-30,'POR',trails
930,930,930,200212170POR,34.8,19.1,2nd quarter,9:35.0,Arvydas Sabonis,POR,False,2-pointer,18,28-32,'POR',trails
931,931,931,200212170POR,24.0,5.0,2nd quarter,8:45.0,Zach Randolph,POR,False,2-pointer,0,28-34,'POR',trails
932,932,932,200212170POR,24.0,5.0,2nd quarter,8:43.0,Zach Randolph,POR,False,2-pointer,0,28-34,'POR',trails
933,933,933,200212170POR,24.0,5.0,2nd quarter,8:42.0,Zach Randolph,POR,True,2-pointer,0,30-34,'POR',trails
934,934,934,200212170POR,36.0,17.2,2nd quarter,8:07.0,Zach Randolph,POR,False,2-pointer,17,31-34,'POR',trails
935,935,935,200212170POR,16.3,10.6,2nd quarter,7:40.0,Zach Randolph,POR,False,2-pointer,10,31-35,'POR',trails
936,936,936,200212170POR,2.0,4.4,2nd quarter,7:12.0,Derek Anderson,POR,False,3-pointer,22,31-35,'POR',trails
937,937,937,200212170POR,24.0,5.0,2nd quarter,5:42.0,Dale Davis,POR,True,2-pointer,0,37-37,'POR',tied
938,938,938,200212170POR,16.1,19.3,2nd quarter,5:15.0,Derek Anderson,POR,True,2-pointer,16,39-37,'POR',leads
939,939,939,200212170POR,10.4,9.1,2nd quarter,4:06.0,Scottie Pippen,POR,False,2-pointer,14,39-39,'POR',tied
940,940,940,200212170POR,24.0,5.0,2nd quarter,3:32.0,Ruben Patterson,POR,False,2-pointer,0,39-41,'POR',trails
941,941,941,200212170POR,24.0,5.0,2nd quarter,3:03.0,Ruben Patterson,POR,True,2-pointer,0,41-44,'POR',trails
942,942,942,200212170POR,24.0,5.0,2nd quarter,2:24.0,Bonzi Wells,POR,True,2-pointer,0,43-44,'POR',trails
943,943,943,200212170POR,26.8,11.1,2nd quarter,1:40.0,Derek Anderson,POR,True,2-pointer,7,46-46,'POR',tied
944,944,944,200212170POR,38.6,17.7,2nd quarter,0:56.3,Bonzi Wells,POR,False,2-pointer,19,46-48,'POR',trails
945,945,945,200212170POR,24.0,5.0,2nd quarter,0:47.5,Rasheed Wallace,POR,True,2-pointer,0,48-48,'POR',tied
946,946,946,200212170POR,24.0,5.0,2nd quarter,0:04.1,Bonzi Wells,POR,True,2-pointer,0,50-49,'POR',leads
947,947,947,200212170POR,38.1,21.6,3rd quarter,10:51.0,Rasheed Wallace,POR,True,2-pointer,22,54-54,'POR',tied
948,948,948,200212170POR,21.7,13.2,3rd quarter,10:04.0,Bonzi Wells,POR,False,2-pointer,9,54-54,'POR',tied
949,949,949,200212170POR,24.0,8.8,3rd quarter,9:28.0,Bonzi Wells,POR,True,2-pointer,4,56-57,'POR',trails
950,950,950,200212170POR,24.0,5.0,3rd quarter,9:00.0,Derek Anderson,POR,True,2-pointer,0,58-59,'POR',trails
951,951,951,200212170POR,8.7,5.3,3rd quarter,8:28.0,Rasheed Wallace,POR,True,2-pointer,15,60-59,'POR',leads
952,952,952,200212170POR,31.1,4.2,3rd quarter,7:18.0,Bonzi Wells,POR,False,2-pointer,7,62-59,'POR',leads
953,953,953,200212170POR,16.8,29.0,3rd quarter,6:07.0,Rasheed Wallace,POR,True,3-pointer,25,66-61,'POR',leads
954,954,954,200212170POR,7.6,23.4,3rd quarter,3:59.0,Scottie Pippen,POR,True,3-pointer,25,71-66,'POR',leads
955,955,955,200212170POR,13.8,5.0,3rd quarter,3:16.0,Rasheed Wallace,POR,False,2-pointer,10,71-66,'POR',leads
956,956,956,200212170POR,1.8,4.7,3rd quarter,3:00.0,Derek Anderson,POR,True,3-pointer,22,74-66,'POR',leads
957,957,957,200212170POR,24.0,5.0,3rd quarter,2:00.0,Arvydas Sabonis,POR,False,2-pointer,0,74-68,'POR',leads
958,958,958,200212170POR,15.3,27.4,3rd quarter,1:34.0,Scottie Pippen,POR,False,3-pointer,24,74-68,'POR',leads
959,959,959,200212170POR,24.0,5.0,3rd quarter,1:31.0,Derek Anderson,POR,False,2-pointer,0,74-68,'POR',leads
960,960,960,200212170POR,41.4,19.0,3rd quarter,0:45.2,Derek Anderson,POR,False,2-pointer,22,74-68,'POR',leads
961,961,961,200212170POR,24.0,5.0,3rd quarter,0:06.6,Derek Anderson,POR,False,2-pointer,0,76-68,'POR',leads
962,962,962,200212170POR,7.7,14.7,4th quarter,11:41.0,Bonzi Wells,POR,True,2-pointer,19,78-68,'POR',leads
963,963,963,200212170POR,24.0,5.0,4th quarter,10:36.0,Zach Randolph,POR,False,2-pointer,0,78-71,'POR',leads
964,964,964,200212170POR,47.3,5.8,4th quarter,10:20.0,Bonzi Wells,POR,True,3-pointer,23,81-73,'POR',leads
965,965,965,200212170POR,24.0,5.0,4th quarter,9:58.0,Ruben Patterson,POR,True,2-pointer,0,83-73,'POR',leads
966,966,966,200212170POR,19.6,20.6,4th quarter,9:16.0,Zach Randolph,POR,False,2-pointer,16,83-73,'POR',leads
967,967,967,200212170POR,27.9,18.5,4th quarter,9:00.0,Zach Randolph,POR,False,2-pointer,14,83-74,'POR',leads
968,968,968,200212170POR,36.0,8.8,4th quarter,8:34.0,Bonzi Wells,POR,False,2-pointer,13,83-77,'POR',leads
969,969,969,200212170POR,24.0,5.0,4th quarter,7:28.0,Bonzi Wells,POR,True,2-pointer,0,86-80,'POR',leads
970,970,970,200212170POR,27.4,9.1,4th quarter,6:46.0,Rasheed Wallace,POR,False,2-pointer,5,86-80,'POR',leads
971,971,971,200212170POR,24.0,5.0,4th quarter,6:42.0,Rasheed Wallace,POR,True,2-pointer,0,88-80,'POR',leads
972,972,972,200212170POR,24.0,5.0,4th quarter,6:12.0,Bonzi Wells,POR,True,2-pointer,0,90-81,'POR',leads
973,973,973,200212170POR,23.7,25.4,4th quarter,5:04.0,Scottie Pippen,POR,False,2-pointer,20,91-83,'POR',leads
974,974,974,200212170POR,46.5,7.6,4th quarter,4:38.0,Rasheed Wallace,POR,False,3-pointer,23,91-83,'POR',leads
975,975,975,200212170POR,24.0,5.0,4th quarter,4:01.0,Scottie Pippen,POR,False,2-pointer,0,91-83,'POR',leads
976,976,976,200212170POR,24.0,5.0,4th quarter,3:57.0,Arvydas Sabonis,POR,True,2-pointer,0,93-83,'POR',leads
977,977,977,200212170POR,18.6,4.7,4th quarter,2:38.0,Ruben Patterson,POR,True,2-pointer,5,98-85,'POR',leads
978,978,978,200212170POR,41.6,21.6,4th quarter,1:33.0,Rasheed Wallace,POR,True,3-pointer,24,101-85,'POR',leads
979,979,979,200212170POR,24.0,5.0,4th quarter,0:58.5,Bonzi Wells,POR,False,2-pointer,0,101-88,'POR',leads
980,980,980,200212170SAC,24.0,5.0,1st quarter,11:22.0,Jake Tsakalidis,PHO,True,2-pointer,0,2-2,'SAC',tied
981,981,981,200212170SAC,23.7,10.9,1st quarter,10:37.0,Stephon Marbury,PHO,False,2-pointer,6,2-2,'SAC',tied
982,982,982,200212170SAC,21.1,8.1,1st quarter,10:00.0,Amar'e Stoudemire,PHO,True,2-pointer,4,4-4,'SAC',tied
983,983,983,200212170SAC,2.5,17.5,1st quarter,9:20.0,Shawn Marion,PHO,False,3-pointer,25,4-6,'SAC',trails
984,984,984,200212170SAC,26.4,19.8,1st quarter,8:54.0,Shawn Marion,PHO,True,2-pointer,15,6-8,'SAC',trails
985,985,985,200212170SAC,24.0,5.0,1st quarter,8:29.0,Stephon Marbury,PHO,True,2-pointer,0,8-10,'SAC',trails
986,986,986,200212170SAC,39.1,6.2,1st quarter,8:01.0,Stephon Marbury,PHO,True,2-pointer,15,10-12,'SAC',trails
987,987,987,200212170SAC,24.0,11.9,1st quarter,7:21.0,Jake Tsakalidis,PHO,False,2-pointer,7,10-14,'SAC',trails
988,988,988,200212170SAC,7.2,16.7,1st quarter,7:02.0,Anfernee Hardaway,PHO,False,2-pointer,20,10-14,'SAC',trails
989,989,989,200212170SAC,33.5,14.1,1st quarter,5:44.0,Shawn Marion,PHO,False,2-pointer,13,10-18,'SAC',trails
990,990,990,200212170SAC,23.8,13.2,1st quarter,5:07.0,Shawn Marion,PHO,False,2-pointer,8,10-20,'SAC',trails
991,991,991,200212170SAC,18.8,11.4,1st quarter,4:44.0,Stephon Marbury,PHO,True,2-pointer,8,12-22,'SAC',trails
992,992,992,200212170SAC,20.9,14.5,1st quarter,4:24.0,Anfernee Hardaway,PHO,False,2-pointer,10,12-24,'SAC',trails
993,993,993,200212170SAC,19.4,29.7,1st quarter,3:58.0,Stephon Marbury,PHO,False,3-pointer,25,12-24,'SAC',trails
994,994,994,200212170SAC,25.3,9.9,1st quarter,3:15.0,Joe Johnson,PHO,False,2-pointer,5,12-25,'SAC',trails
995,995,995,200212170SAC,24.0,5.0,1st quarter,3:13.0,Scott Williams,PHO,False,2-pointer,0,12-25,'SAC',trails
996,996,996,200212170SAC,4.0,4.4,1st quarter,2:15.0,Casey Jacobsen,PHO,True,2-pointer,20,16-27,'SAC',trails
997,997,997,200212170SAC,23.5,9.5,1st quarter,1:52.0,Bo Outlaw,PHO,True,2-pointer,5,18-27,'SAC',trails
998,998,998,200212170SAC,40.3,13.4,1st quarter,1:10.0,Shawn Marion,PHO,False,2-pointer,18,18-27,'SAC',trails
999,999,999,200212170SAC,4.5,4.1,1st quarter,1:03.0,Joe Johnson,PHO,True,2-pointer,20,20-27,'SAC',trails
1000,1000,1000,200212170SAC,14.3,4.1,1st quarter,0:00.4,Shawn Marion,PHO,False,2-pointer,10,20-32,'SAC',trails
1001,1001,1001,200212170SAC,34.8,6.5,2nd quarter,11:43.0,Scott Williams,PHO,False,2-pointer,11,20-32,'SAC',trails
1002,1002,1002,200212170SAC,20.4,8.5,2nd quarter,11:06.0,Bo Outlaw,PHO,True,2-pointer,5,22-32,'SAC',trails
1003,1003,1003,200212170SAC,40.3,15.9,2nd quarter,10:37.0,Scott Williams,PHO,True,2-pointer,20,24-32,'SAC',trails
1004,1004,1004,200212170SAC,24.0,5.0,2nd quarter,10:23.0,Scott Williams,PHO,True,2-pointer,0,26-32,'SAC',trails
1005,1005,1005,200212170SAC,38.8,6.2,2nd quarter,9:34.0,Scott Williams,PHO,False,2-pointer,15,26-32,'SAC',trails
1006,1006,1006,200212170SAC,1.0,6.5,2nd quarter,9:01.0,Joe Johnson,PHO,True,3-pointer,23,29-34,'SAC',trails
1007,1007,1007,200212170SAC,36.5,24.1,2nd quarter,8:26.0,Joe Johnson,PHO,False,2-pointer,23,29-36,'SAC',trails
1008,1008,1008,200212170SAC,6.4,25.1,2nd quarter,7:55.0,Casey Jacobsen,PHO,False,3-pointer,27,29-39,'SAC',trails
1009,1009,1009,200212170SAC,38.4,5.0,2nd quarter,7:35.0,Casey Jacobsen,PHO,True,2-pointer,14,31-39,'SAC',trails
1010,1010,1010,200212170SAC,23.7,11.3,2nd quarter,6:55.0,Stephon Marbury,PHO,False,2-pointer,6,32-41,'SAC',trails
1011,1011,1011,200212170SAC,30.6,6.0,2nd quarter,6:50.0,Stephon Marbury,PHO,False,2-pointer,7,32-41,'SAC',trails
1012,1012,1012,200212170SAC,23.8,14.1,2nd quarter,6:12.0,Stephon Marbury,PHO,True,2-pointer,9,34-41,'SAC',trails
1013,1013,1013,200212170SAC,30.4,24.4,2nd quarter,5:37.0,Stephon Marbury,PHO,False,2-pointer,20,34-44,'SAC',trails
1014,1014,1014,200212170SAC,23.7,11.3,2nd quarter,5:06.0,Amar'e Stoudemire,PHO,False,2-pointer,6,34-46,'SAC',trails
1015,1015,1015,200212170SAC,47.0,13.1,2nd quarter,4:56.0,Casey Jacobsen,PHO,True,3-pointer,24,37-46,'SAC',trails
1016,1016,1016,200212170SAC,13.3,11.8,2nd quarter,4:12.0,Shawn Marion,PHO,True,2-pointer,13,39-46,'SAC',trails
1017,1017,1017,200212170SAC,27.6,11.1,2nd quarter,3:54.0,Amar'e Stoudemire,PHO,False,2-pointer,7,39-46,'SAC',trails
1018,1018,1018,200212170SAC,26.8,6.3,2nd quarter,3:36.0,Bo Outlaw,PHO,False,2-pointer,3,39-46,'SAC',trails
1019,1019,1019,200212170SAC,33.7,5.8,2nd quarter,3:32.0,Bo Outlaw,PHO,False,2-pointer,10,39-46,'SAC',trails
1020,1020,1020,200212170SAC,28.4,30.2,2nd quarter,2:59.0,Casey Jacobsen,PHO,False,3-pointer,26,39-48,'SAC',trails
1021,1021,1021,200212170SAC,9.2,4.7,2nd quarter,1:54.0,Shawn Marion,PHO,False,2-pointer,15,39-49,'SAC',trails
1022,1022,1022,200212170SAC,17.8,5.0,2nd quarter,1:50.0,Jake Voskuhl,PHO,True,2-pointer,6,41-49,'SAC',trails
1023,1023,1023,200212170SAC,24.0,5.0,2nd quarter,1:03.0,Casey Jacobsen,PHO,True,2-pointer,0,45-49,'SAC',trails
1024,1024,1024,200212170SAC,33.5,7.0,2nd quarter,0:37.1,Anfernee Hardaway,PHO,False,2-pointer,10,45-52,'SAC',trails
1025,1025,1025,200212170SAC,18.6,6.7,2nd quarter,0:34.1,Jake Voskuhl,PHO,False,2-pointer,6,45-52,'SAC',trails
1026,1026,1026,200212170SAC,26.0,17.0,2nd quarter,0:06.2,Shawn Marion,PHO,True,2-pointer,12,47-52,'SAC',trails
1027,1027,1027,200212170SAC,29.1,6.5,3rd quarter,11:11.0,Amar'e Stoudemire,PHO,False,2-pointer,5,47-54,'SAC',trails
1028,1028,1028,200212170SAC,18.3,16.5,3rd quarter,11:05.0,Shawn Marion,PHO,True,2-pointer,13,49-54,'SAC',trails
1029,1029,1029,200212170SAC,3.8,4.1,3rd quarter,10:37.0,Anfernee Hardaway,PHO,True,2-pointer,20,51-54,'SAC',trails
1030,1030,1030,200212170SAC,3.8,8.0,3rd quarter,10:07.0,Anfernee Hardaway,PHO,True,2-pointer,20,53-56,'SAC',trails
1031,1031,1031,200212170SAC,28.3,12.6,3rd quarter,9:12.0,Stephon Marbury,PHO,False,2-pointer,9,54-57,'SAC',trails
1032,1032,1032,200212170SAC,9.9,20.6,3rd quarter,8:33.0,Anfernee Hardaway,PHO,True,2-pointer,21,56-59,'SAC',trails
1033,1033,1033,200212170SAC,24.0,5.0,3rd quarter,8:08.0,Stephon Marbury,PHO,False,2-pointer,0,56-61,'SAC',trails
1034,1034,1034,200212170SAC,24.8,9.8,3rd quarter,7:35.0,Anfernee Hardaway,PHO,True,2-pointer,5,58-63,'SAC',trails
1035,1035,1035,200212170SAC,39.8,5.2,3rd quarter,6:52.0,Stephon Marbury,PHO,False,2-pointer,16,58-66,'SAC',trails
1036,1036,1036,200212170SAC,44.7,13.1,3rd quarter,6:41.0,Shawn Marion,PHO,False,2-pointer,22,58-66,'SAC',trails
1037,1037,1037,200212170SAC,0.8,6.7,3rd quarter,6:15.0,Shawn Marion,PHO,False,3-pointer,23,58-66,'SAC',trails
1038,1038,1038,200212170SAC,2.0,17.5,3rd quarter,5:53.0,Stephon Marbury,PHO,False,3-pointer,25,58-66,'SAC',trails
1039,1039,1039,200212170SAC,24.0,5.0,3rd quarter,5:50.0,Scott Williams,PHO,False,2-pointer,0,58-66,'SAC',trails
1040,1040,1040,200212170SAC,25.1,20.8,3rd quarter,5:25.0,Scott Williams,PHO,True,2-pointer,16,60-68,'SAC',trails
1041,1041,1041,200212170SAC,31.1,20.5,3rd quarter,4:46.0,Scott Williams,PHO,False,2-pointer,17,60-70,'SAC',trails
1042,1042,1042,200212170SAC,22.5,8.3,3rd quarter,4:26.0,Anfernee Hardaway,PHO,False,2-pointer,4,60-70,'SAC',trails
1043,1043,1043,200212170SAC,27.4,24.1,3rd quarter,3:29.0,Shawn Marion,PHO,True,2-pointer,19,62-72,'SAC',trails
1044,1044,1044,200212170SAC,24.0,5.0,3rd quarter,2:46.0,Shawn Marion,PHO,True,2-pointer,0,64-74,'SAC',trails
1045,1045,1045,200212170SAC,47.8,12.1,3rd quarter,2:33.0,Casey Jacobsen,PHO,False,3-pointer,25,64-74,'SAC',trails
1046,1046,1046,200212170SAC,24.0,5.0,3rd quarter,2:01.0,Bo Outlaw,PHO,True,2-pointer,0,66-75,'SAC',trails
1047,1047,1047,200212170SAC,24.0,5.0,3rd quarter,1:25.0,Casey Jacobsen,PHO,False,2-pointer,0,66-75,'SAC',trails
1048,1048,1048,200212170SAC,45.2,19.1,3rd quarter,1:05.0,Anfernee Hardaway,PHO,False,3-pointer,25,66-75,'SAC',trails
1049,1049,1049,200212170SAC,24.0,5.0,3rd quarter,0:01.3,Casey Jacobsen,PHO,False,2-pointer,0,66-75,'SAC',trails
1050,1050,1050,200212170SAC,37.0,14.9,4th quarter,11:16.0,Anfernee Hardaway,PHO,False,2-pointer,16,66-75,'SAC',trails
1051,1051,1051,200212170SAC,26.0,24.6,4th quarter,10:48.0,Joe Johnson,PHO,False,2-pointer,20,66-77,'SAC',trails
1052,1052,1052,200212170SAC,11.8,26.9,4th quarter,9:33.0,Casey Jacobsen,PHO,False,3-pointer,25,66-81,'SAC',trails
1053,1053,1053,200212170SAC,17.1,25.4,4th quarter,9:23.0,Stephon Marbury,PHO,False,2-pointer,22,66-81,'SAC',trails
1054,1054,1054,200212170SAC,6.9,12.4,4th quarter,9:17.0,Stephon Marbury,PHO,False,2-pointer,19,66-81,'SAC',trails
1055,1055,1055,200212170SAC,39.8,5.5,4th quarter,9:08.0,Jake Voskuhl,PHO,False,2-pointer,16,66-81,'SAC',trails
1056,1056,1056,200212170SAC,25.5,13.6,4th quarter,8:22.0,Shawn Marion,PHO,False,2-pointer,9,66-85,'SAC',trails
1057,1057,1057,200212170SAC,17.4,15.5,4th quarter,7:50.0,Jake Voskuhl,PHO,False,2-pointer,12,67-85,'SAC',trails
1058,1058,1058,200212170SAC,23.4,14.2,4th quarter,7:21.0,Shawn Marion,PHO,True,2-pointer,9,69-85,'SAC',trails
1059,1059,1059,200212170SAC,24.0,5.0,4th quarter,6:25.0,Casey Jacobsen,PHO,False,2-pointer,0,70-85,'SAC',trails
1060,1060,1060,200212170SAC,16.5,6.8,4th quarter,6:21.0,Stephon Marbury,PHO,False,2-pointer,8,70-85,'SAC',trails
1061,1061,1061,200212170SAC,30.9,12.7,4th quarter,5:52.0,Dan Langhi,PHO,False,2-pointer,10,70-87,'SAC',trails
1062,1062,1062,200212170SAC,31.1,7.8,4th quarter,4:54.0,Joe Johnson,PHO,True,2-pointer,8,73-89,'SAC',trails
1063,1063,1063,200212170SAC,22.2,30.0,4th quarter,3:55.0,Dan Langhi,PHO,True,3-pointer,25,77-89,'SAC',trails
1064,1064,1064,200212170SAC,21.7,24.4,4th quarter,2:53.0,Joe Johnson,PHO,False,2-pointer,20,77-91,'SAC',trails
1065,1065,1065,200212170SAC,3.8,19.0,4th quarter,2:33.0,Shawn Marion,PHO,False,3-pointer,25,77-93,'SAC',trails
1066,1066,1066,200212170SAC,20.7,25.1,4th quarter,1:56.0,Dan Langhi,PHO,True,2-pointer,20,79-93,'SAC',trails
1067,1067,1067,200212170SAC,24.0,5.0,4th quarter,1:42.0,Casey Jacobsen,PHO,True,2-pointer,0,81-93,'SAC',trails
1068,1068,1068,200212170SAC,26.8,25.1,4th quarter,1:12.0,Dan Langhi,PHO,False,2-pointer,20,81-95,'SAC',trails
1069,1069,1069,200212170SAC,40.9,12.9,4th quarter,0:40.8,Casey Jacobsen,PHO,False,2-pointer,19,81-95,'SAC',trails
1070,1070,1070,200212170SAC,24.3,10.1,4th quarter,0:35.0,Amar'e Stoudemire,PHO,False,2-pointer,5,81-95,'SAC',trails
1071,1071,1071,200212170SAC,46.5,5.0,4th quarter,0:00.6,Dan Langhi,PHO,True,3-pointer,23,86-95,'SAC',trails
1072,1072,1072,200212170SAC,36.8,11.4,1st quarter,11:47.0,Vlade Divac,SAC,True,2-pointer,14,2-0,'SAC',leads
1073,1073,1073,200212170SAC,24.0,5.0,1st quarter,10:51.0,Doug Christie,SAC,False,2-pointer,0,2-2,'SAC',tied
1074,1074,1074,200212170SAC,7.9,5.8,1st quarter,10:23.0,Chris Webber,SAC,False,2-pointer,16,2-2,'SAC',tied
1075,1075,1075,200212170SAC,24.0,5.0,1st quarter,10:12.0,Bobby Jackson,SAC,True,2-pointer,0,4-2,'SAC',leads
1076,1076,1076,200212170SAC,24.0,5.0,1st quarter,9:45.0,Chris Webber,SAC,True,2-pointer,0,6-4,'SAC',leads
1077,1077,1077,200212170SAC,24.0,5.0,1st quarter,9:10.0,Peja Stojaković,SAC,True,2-pointer,0,8-4,'SAC',leads
1078,1078,1078,200212170SAC,24.0,5.0,1st quarter,8:42.0,Vlade Divac,SAC,True,2-pointer,0,10-6,'SAC',leads
1079,1079,1079,200212170SAC,24.1,10.3,1st quarter,8:14.0,Chris Webber,SAC,True,2-pointer,5,12-8,'SAC',leads
1080,1080,1080,200212170SAC,24.0,5.0,1st quarter,7:41.0,Bobby Jackson,SAC,True,2-pointer,0,14-10,'SAC',leads
1081,1081,1081,200212170SAC,4.8,5.3,1st quarter,7:11.0,Peja Stojaković,SAC,False,2-pointer,19,14-10,'SAC',leads
1082,1082,1082,200212170SAC,24.0,5.0,1st quarter,6:56.0,Doug Christie,SAC,True,2-pointer,0,16-10,'SAC',leads
1083,1083,1083,200212170SAC,39.1,5.8,1st quarter,6:27.0,Chris Webber,SAC,True,2-pointer,15,18-10,'SAC',leads
1084,1084,1084,200212170SAC,24.0,24.7,1st quarter,5:54.0,Vlade Divac,SAC,False,2-pointer,20,18-10,'SAC',leads
1085,1085,1085,200212170SAC,12.8,20.3,1st quarter,5:34.0,Chris Webber,SAC,True,2-pointer,19,20-10,'SAC',leads
1086,1086,1086,200212170SAC,24.0,5.0,1st quarter,5:00.0,Peja Stojaković,SAC,True,2-pointer,0,22-10,'SAC',leads
1087,1087,1087,200212170SAC,24.0,5.0,1st quarter,4:38.0,Peja Stojaković,SAC,True,2-pointer,0,24-12,'SAC',leads
1088,1088,1088,200212170SAC,39.3,23.9,1st quarter,4:08.0,Bobby Jackson,SAC,False,3-pointer,24,24-12,'SAC',leads
1089,1089,1089,200212170SAC,0.7,4.7,1st quarter,3:50.0,Peja Stojaković,SAC,False,3-pointer,23,24-12,'SAC',leads
1090,1090,1090,200212170SAC,24.0,29.8,1st quarter,3:02.0,Peja Stojaković,SAC,False,3-pointer,25,25-12,'SAC',leads
1091,1091,1091,200212170SAC,24.0,5.0,1st quarter,2:42.0,Keon Clark,SAC,True,2-pointer,0,27-12,'SAC',leads
1092,1092,1092,200212170SAC,24.0,5.0,1st quarter,2:04.0,Chris Webber,SAC,False,2-pointer,0,27-16,'SAC',leads
1093,1093,1093,200212170SAC,43.2,21.1,1st quarter,0:45.7,Doug Christie,SAC,False,3-pointer,25,27-20,'SAC',leads
1094,1094,1094,200212170SAC,45.8,17.3,1st quarter,0:25.5,Damon Jones,SAC,True,3-pointer,25,30-20,'SAC',leads
1095,1095,1095,200212170SAC,24.0,5.0,1st quarter,0:11.0,Doug Christie,SAC,True,2-pointer,0,32-20,'SAC',leads
1096,1096,1096,200212170SAC,21.7,10.1,2nd quarter,11:25.0,Keon Clark,SAC,False,2-pointer,6,32-20,'SAC',leads
1097,1097,1097,200212170SAC,38.3,13.6,2nd quarter,10:51.0,Keon Clark,SAC,False,2-pointer,17,32-22,'SAC',leads
1098,1098,1098,200212170SAC,33.8,21.4,2nd quarter,10:05.0,Chris Webber,SAC,False,2-pointer,19,32-26,'SAC',leads
1099,1099,1099,200212170SAC,24.0,5.0,2nd quarter,9:52.0,Damon Jones,SAC,False,2-pointer,0,32-26,'SAC',leads
1100,1100,1100,200212170SAC,24.0,5.0,2nd quarter,9:21.0,Keon Clark,SAC,True,2-pointer,0,34-26,'SAC',leads
1101,1101,1101,200212170SAC,28.1,8.3,2nd quarter,8:39.0,Keon Clark,SAC,False,2-pointer,5,34-29,'SAC',leads
1102,1102,1102,200212170SAC,24.0,5.0,2nd quarter,8:37.0,Keon Clark,SAC,False,2-pointer,0,34-29,'SAC',leads
1103,1103,1103,200212170SAC,24.0,5.0,2nd quarter,8:35.0,Chris Webber,SAC,True,2-pointer,0,36-29,'SAC',leads
1104,1104,1104,200212170SAC,12.2,9.5,2nd quarter,8:13.0,Jim Jackson,SAC,True,2-pointer,13,38-29,'SAC',leads
1105,1105,1105,200212170SAC,11.5,6.7,2nd quarter,7:45.0,Jim Jackson,SAC,False,2-pointer,13,39-29,'SAC',leads
1106,1106,1106,200212170SAC,39.8,18.8,2nd quarter,7:18.0,Hedo Türkoğlu,SAC,True,2-pointer,21,41-32,'SAC',leads
1107,1107,1107,200212170SAC,31.2,6.5,2nd quarter,6:31.0,Vlade Divac,SAC,False,2-pointer,7,41-32,'SAC',leads
1108,1108,1108,200212170SAC,3.6,20.0,2nd quarter,6:26.0,Damon Jones,SAC,False,3-pointer,25,41-32,'SAC',leads
1109,1109,1109,200212170SAC,24.0,29.7,2nd quarter,5:56.0,Hedo Türkoğlu,SAC,True,3-pointer,25,44-34,'SAC',leads
1110,1110,1110,200212170SAC,24.0,5.0,2nd quarter,5:27.0,Keon Clark,SAC,True,2-pointer,0,46-34,'SAC',leads
1111,1111,1111,200212170SAC,36.1,19.1,2nd quarter,4:30.0,Vlade Divac,SAC,False,2-pointer,19,46-37,'SAC',leads
1112,1112,1112,200212170SAC,30.4,6.3,2nd quarter,3:17.0,Chris Webber,SAC,True,2-pointer,7,48-39,'SAC',leads
1113,1113,1113,200212170SAC,9.1,21.0,2nd quarter,2:44.0,Peja Stojaković,SAC,False,2-pointer,22,48-39,'SAC',leads
1114,1114,1114,200212170SAC,36.1,18.8,2nd quarter,2:25.0,Chris Webber,SAC,False,2-pointer,18,49-39,'SAC',leads
1115,1115,1115,200212170SAC,12.2,3.6,2nd quarter,2:22.0,Vlade Divac,SAC,False,2-pointer,12,49-39,'SAC',leads
1116,1116,1116,200212170SAC,24.0,5.0,2nd quarter,1:35.0,Peja Stojaković,SAC,False,2-pointer,0,49-41,'SAC',leads
1117,1117,1117,200212170SAC,38.8,12.6,2nd quarter,1:08.0,Chris Webber,SAC,False,2-pointer,17,49-43,'SAC',leads
1118,1118,1118,200212170SAC,43.4,19.6,2nd quarter,0:50.4,Bobby Jackson,SAC,True,3-pointer,24,52-45,'SAC',leads
1119,1119,1119,200212170SAC,22.4,29.3,2nd quarter,0:00.3,Chris Webber,SAC,False,3-pointer,24,52-47,'SAC',leads
1120,1120,1120,200212170SAC,24.0,5.0,3rd quarter,11:31.0,Chris Webber,SAC,True,2-pointer,0,54-47,'SAC',leads
1121,1121,1121,200212170SAC,42.6,21.8,3rd quarter,10:52.0,Peja Stojaković,SAC,False,3-pointer,25,54-49,'SAC',leads
1122,1122,1122,200212170SAC,24.0,5.0,3rd quarter,10:22.0,Bobby Jackson,SAC,True,2-pointer,0,56-51,'SAC',leads
1123,1123,1123,200212170SAC,24.0,5.0,3rd quarter,8:57.0,Chris Webber,SAC,True,2-pointer,0,59-54,'SAC',leads
1124,1124,1124,200212170SAC,24.0,5.0,3rd quarter,8:18.0,Bobby Jackson,SAC,True,2-pointer,0,61-56,'SAC',leads
1125,1125,1125,200212170SAC,47.0,15.7,3rd quarter,7:58.0,Doug Christie,SAC,False,3-pointer,25,61-56,'SAC',leads
1126,1126,1126,200212170SAC,24.0,5.0,3rd quarter,7:55.0,Chris Webber,SAC,True,2-pointer,0,63-56,'SAC',leads
1127,1127,1127,200212170SAC,0.7,4.5,3rd quarter,7:10.0,Bobby Jackson,SAC,True,3-pointer,23,66-58,'SAC',leads
1128,1128,1128,200212170SAC,39.1,24.9,3rd quarter,6:29.0,Bobby Jackson,SAC,False,3-pointer,25,66-58,'SAC',leads
1129,1129,1129,200212170SAC,24.0,5.0,3rd quarter,5:37.0,Peja Stojaković,SAC,True,2-pointer,0,68-58,'SAC',leads
1130,1130,1130,200212170SAC,24.0,5.0,3rd quarter,5:06.0,Bobby Jackson,SAC,True,2-pointer,0,70-60,'SAC',leads
1131,1131,1131,200212170SAC,13.7,5.2,3rd quarter,4:35.0,Vlade Divac,SAC,False,2-pointer,10,70-60,'SAC',leads
1132,1132,1132,200212170SAC,32.4,6.7,3rd quarter,3:43.0,Vlade Divac,SAC,False,2-pointer,9,72-60,'SAC',leads
1133,1133,1133,200212170SAC,10.5,17.0,3rd quarter,3:19.0,Chris Webber,SAC,True,2-pointer,18,74-62,'SAC',leads
1134,1134,1134,200212170SAC,24.0,5.0,3rd quarter,2:58.0,Bobby Jackson,SAC,False,2-pointer,0,74-62,'SAC',leads
1135,1135,1135,200212170SAC,24.0,5.0,3rd quarter,2:40.0,Bobby Jackson,SAC,False,2-pointer,0,74-64,'SAC',leads
1136,1136,1136,200212170SAC,1.0,13.9,3rd quarter,1:46.0,Jim Jackson,SAC,False,3-pointer,25,75-66,'SAC',leads
1137,1137,1137,200212170SAC,21.2,24.6,3rd quarter,0:50.8,Chris Webber,SAC,False,2-pointer,20,75-66,'SAC',leads
1138,1138,1138,200212170SAC,31.4,22.9,4th quarter,11:39.0,Chris Webber,SAC,False,2-pointer,19,75-66,'SAC',leads
1139,1139,1139,200212170SAC,24.0,5.0,4th quarter,11:08.0,Jim Jackson,SAC,True,2-pointer,0,77-66,'SAC',leads
1140,1140,1140,200212170SAC,31.2,8.5,4th quarter,10:35.0,Chris Webber,SAC,False,2-pointer,8,77-66,'SAC',leads
1141,1141,1141,200212170SAC,33.5,21.4,4th quarter,10:28.0,Keon Clark,SAC,True,2-pointer,19,79-66,'SAC',leads
1142,1142,1142,200212170SAC,25.5,25.4,4th quarter,9:56.0,Chris Webber,SAC,True,2-pointer,20,81-66,'SAC',leads
1143,1143,1143,200212170SAC,24.0,5.0,4th quarter,9:02.0,Chris Webber,SAC,True,2-pointer,0,83-66,'SAC',leads
1144,1144,1144,200212170SAC,3.1,5.0,4th quarter,7:36.0,Damon Jones,SAC,False,2-pointer,21,85-67,'SAC',leads
1145,1145,1145,200212170SAC,37.6,17.8,4th quarter,7:03.0,Hedo Türkoğlu,SAC,False,2-pointer,19,85-69,'SAC',leads
1146,1146,1146,200212170SAC,24.0,5.0,4th quarter,6:16.0,Damon Jones,SAC,False,2-pointer,0,85-70,'SAC',leads
1147,1147,1147,200212170SAC,24.0,5.0,4th quarter,6:14.0,Jim Jackson,SAC,True,2-pointer,0,87-70,'SAC',leads
1148,1148,1148,200212170SAC,22.5,27.5,4th quarter,5:29.0,Jim Jackson,SAC,False,2-pointer,23,87-70,'SAC',leads
1149,1149,1149,200212170SAC,24.0,5.0,4th quarter,5:02.0,Damon Jones,SAC,True,2-pointer,0,89-71,'SAC',leads
1150,1150,1150,200212170SAC,24.0,5.0,4th quarter,4:40.0,Keon Clark,SAC,False,2-pointer,0,89-73,'SAC',leads
1151,1151,1151,200212170SAC,12.3,6.0,4th quarter,4:05.0,Hedo Türkoğlu,SAC,False,2-pointer,12,89-74,'SAC',leads
1152,1152,1152,200212170SAC,39.3,11.9,4th quarter,3:37.0,Chris Webber,SAC,False,2-pointer,17,89-77,'SAC',leads
1153,1153,1153,200212170SAC,24.0,5.0,4th quarter,3:34.0,Jim Jackson,SAC,True,2-pointer,0,91-77,'SAC',leads
1154,1154,1154,200212170SAC,18.3,5.7,4th quarter,3:15.0,Chris Webber,SAC,False,2-pointer,6,91-77,'SAC',leads
1155,1155,1155,200212170SAC,22.0,13.4,4th quarter,3:06.0,Jim Jackson,SAC,False,2-pointer,9,91-77,'SAC',leads
1156,1156,1156,200212170SAC,24.0,5.0,4th quarter,2:47.0,Jim Jackson,SAC,False,2-pointer,0,91-77,'SAC',leads
1157,1157,1157,200212170SAC,24.0,5.0,4th quarter,2:46.0,Jim Jackson,SAC,True,2-pointer,0,93-77,'SAC',leads
1158,1158,1158,200212170SAC,33.5,22.6,4th quarter,2:12.0,Mateen Cleaves,SAC,False,2-pointer,20,93-77,'SAC',leads
1159,1159,1159,200212170SAC,5.1,4.5,4th quarter,1:23.0,Gerald Wallace,SAC,True,2-pointer,19,95-81,'SAC',leads
1160,1160,1160,200212170SAC,24.0,5.0,4th quarter,0:47.8,Mateen Cleaves,SAC,False,2-pointer,0,95-81,'SAC',leads
1161,1161,1161,200212170SAC,28.1,6.7,4th quarter,0:09.6,Lawrence Funderburke,SAC,False,2-pointer,4,95-83,'SAC',leads
