,Unnamed: 0.1,Unnamed: 0,match_id,shotX,shotY,quarter,time_remaining,player,team,made,shot_type,distance,score,opp,status
0,0,0,200401170ATL,31.9,23.9,1st quarter,11:25.0,Donyell Marshall,TOR,False,2-pointer,20,0-0,'TOR',tied
1,1,1,200401170ATL,37.1,26.7,1st quarter,10:49.0,Morris Peterson,TOR,False,3-pointer,25,0-0,'TOR',tied
2,2,2,200401170ATL,22.0,18.3,1st quarter,9:55.0,Chris Bosh,TOR,False,2-pointer,13,0-0,'TOR',tied
3,3,3,200401170ATL,42.1,5.7,1st quarter,9:25.0,Donyell Marshall,TOR,False,2-pointer,18,0-0,'TOR',tied
4,4,4,200401170ATL,36.0,17.2,1st quarter,9:06.0,Alvin Williams,TOR,False,2-pointer,17,0-2,'TOR',trails
5,5,5,200401170ATL,0.7,3.2,1st quarter,8:48.0,Morris Peterson,TOR,False,3-pointer,23,0-2,'TOR',trails
6,6,6,200401170ATL,24.0,5.0,1st quarter,8:06.0,Donyell Marshall,TOR,True,2-pointer,0,2-2,'TOR',tied
7,7,7,200401170ATL,20.1,9.9,1st quarter,7:28.0,Chris Bosh,TOR,False,2-pointer,6,2-4,'TOR',trails
8,8,8,200401170ATL,29.9,5.5,1st quarter,6:50.0,Jalen Rose,TOR,False,2-pointer,6,2-7,'TOR',trails
9,9,9,200401170ATL,35.8,6.0,1st quarter,6:44.0,Jalen Rose,TOR,False,2-pointer,12,2-7,'TOR',trails
10,10,10,200401170ATL,19.7,9.9,1st quarter,5:27.0,Donyell Marshall,TOR,False,2-pointer,7,2-7,'TOR',trails
11,11,11,200401170ATL,40.3,5.2,1st quarter,4:47.0,Michael Curry,TOR,True,2-pointer,16,4-7,'TOR',trails
12,12,12,200401170ATL,8.7,8.8,1st quarter,3:57.0,Jalen Rose,TOR,False,2-pointer,16,4-9,'TOR',trails
13,13,13,200401170ATL,24.6,9.6,1st quarter,2:35.0,Alvin Williams,TOR,True,2-pointer,5,6-11,'TOR',trails
14,14,14,200401170ATL,24.0,10.1,1st quarter,1:07.0,Jalen Rose,TOR,True,2-pointer,5,8-13,'TOR',trails
15,15,15,200401170ATL,27.1,8.6,1st quarter,0:27.9,Jalen Rose,TOR,False,2-pointer,5,8-16,'TOR',trails
16,16,16,200401170ATL,29.1,8.3,1st quarter,0:00.0,Alvin Williams,TOR,False,2-pointer,6,8-16,'TOR',trails
17,17,17,200401170ATL,21.4,30.8,2nd quarter,11:39.0,Morris Peterson,TOR,True,3-pointer,26,11-16,'TOR',trails
18,18,18,200401170ATL,36.3,17.7,2nd quarter,10:22.0,Alvin Williams,TOR,False,2-pointer,18,11-20,'TOR',trails
19,19,19,200401170ATL,24.0,5.0,2nd quarter,8:41.0,Donyell Marshall,TOR,True,2-pointer,0,14-25,'TOR',trails
20,20,20,200401170ATL,15.5,7.3,2nd quarter,7:49.0,Lamond Murray,TOR,False,2-pointer,9,14-26,'TOR',trails
21,21,21,200401170ATL,24.0,5.0,2nd quarter,7:47.0,Donyell Marshall,TOR,True,2-pointer,0,16-26,'TOR',trails
22,22,22,200401170ATL,22.2,22.1,2nd quarter,7:15.0,Chris Bosh,TOR,True,2-pointer,17,18-26,'TOR',trails
23,23,23,200401170ATL,22.7,9.6,2nd quarter,5:29.0,Donyell Marshall,TOR,True,2-pointer,5,22-28,'TOR',trails
24,24,24,200401170ATL,38.8,6.7,2nd quarter,4:41.0,Jalen Rose,TOR,False,2-pointer,15,23-28,'TOR',trails
25,25,25,200401170ATL,-0.3,14.5,2nd quarter,4:04.0,Lamond Murray,TOR,False,3-pointer,26,23-28,'TOR',trails
26,26,26,200401170ATL,24.0,5.0,2nd quarter,4:02.0,Chris Bosh,TOR,True,2-pointer,0,25-28,'TOR',trails
27,27,27,200401170ATL,0.7,4.1,2nd quarter,3:38.0,Lamond Murray,TOR,True,3-pointer,23,28-28,'TOR',tied
28,28,28,200401170ATL,24.0,5.0,2nd quarter,3:05.0,Lamond Murray,TOR,False,2-pointer,0,28-28,'TOR',tied
29,29,29,200401170ATL,38.4,6.5,2nd quarter,1:42.0,Jalen Rose,TOR,False,2-pointer,14,29-33,'TOR',trails
30,30,30,200401170ATL,20.6,8.0,2nd quarter,0:57.3,Lamond Murray,TOR,True,2-pointer,5,31-35,'TOR',trails
31,31,31,200401170ATL,35.5,5.5,2nd quarter,0:17.2,Jalen Rose,TOR,False,2-pointer,12,31-37,'TOR',trails
32,32,32,200401170ATL,30.6,29.8,3rd quarter,11:50.0,Alvin Williams,TOR,True,3-pointer,26,34-37,'TOR',trails
33,33,33,200401170ATL,43.2,5.3,3rd quarter,11:07.0,Jalen Rose,TOR,True,2-pointer,19,36-40,'TOR',trails
34,34,34,200401170ATL,46.5,4.9,3rd quarter,10:05.0,Jalen Rose,TOR,False,3-pointer,23,36-40,'TOR',trails
35,35,35,200401170ATL,24.0,18.5,3rd quarter,9:26.0,Alvin Williams,TOR,True,2-pointer,14,38-42,'TOR',trails
36,36,36,200401170ATL,24.0,5.0,3rd quarter,8:51.0,Chris Bosh,TOR,False,2-pointer,0,38-42,'TOR',trails
37,37,37,200401170ATL,24.0,5.0,3rd quarter,8:31.0,Morris Peterson,TOR,False,2-pointer,0,38-42,'TOR',trails
38,38,38,200401170ATL,11.2,15.5,3rd quarter,8:20.0,Jalen Rose,TOR,False,2-pointer,17,38-42,'TOR',trails
39,39,39,200401170ATL,27.8,6.3,3rd quarter,7:48.0,Alvin Williams,TOR,False,2-pointer,4,38-42,'TOR',trails
40,40,40,200401170ATL,22.4,11.1,3rd quarter,7:16.0,Donyell Marshall,TOR,False,2-pointer,6,39-43,'TOR',trails
41,41,41,200401170ATL,13.0,6.3,3rd quarter,6:33.0,Chris Bosh,TOR,False,2-pointer,11,39-45,'TOR',trails
42,42,42,200401170ATL,24.0,5.0,3rd quarter,5:51.0,Jalen Rose,TOR,False,2-pointer,0,39-45,'TOR',trails
43,43,43,200401170ATL,40.7,23.7,3rd quarter,5:02.0,Morris Peterson,TOR,True,3-pointer,25,42-45,'TOR',trails
44,44,44,200401170ATL,1.5,18.0,3rd quarter,4:24.0,Donyell Marshall,TOR,True,3-pointer,26,45-45,'TOR',tied
45,45,45,200401170ATL,35.0,6.8,3rd quarter,3:45.0,Donyell Marshall,TOR,True,2-pointer,11,47-45,'TOR',leads
46,46,46,200401170ATL,24.0,5.0,3rd quarter,3:15.0,Lonny Baxter,TOR,True,2-pointer,0,49-45,'TOR',leads
47,47,47,200401170ATL,16.6,8.1,3rd quarter,2:37.0,Alvin Williams,TOR,True,2-pointer,8,51-47,'TOR',leads
48,48,48,200401170ATL,46.3,3.6,3rd quarter,1:59.0,Jalen Rose,TOR,False,3-pointer,22,52-49,'TOR',leads
49,49,49,200401170ATL,43.7,19.5,3rd quarter,1:02.0,Morris Peterson,TOR,False,3-pointer,24,52-51,'TOR',leads
50,50,50,200401170ATL,23.7,23.1,3rd quarter,0:23.9,Lamond Murray,TOR,False,2-pointer,18,52-51,'TOR',leads
51,51,51,200401170ATL,16.1,8.8,4th quarter,10:57.0,Alvin Williams,TOR,True,2-pointer,9,54-53,'TOR',leads
52,52,52,200401170ATL,31.7,6.8,4th quarter,10:18.0,Lamond Murray,TOR,False,2-pointer,8,54-55,'TOR',trails
53,53,53,200401170ATL,4.8,4.5,4th quarter,9:36.0,Jalen Rose,TOR,False,2-pointer,19,54-57,'TOR',trails
54,54,54,200401170ATL,30.1,5.0,4th quarter,8:57.0,Morris Peterson,TOR,False,2-pointer,6,54-57,'TOR',trails
55,55,55,200401170ATL,24.0,5.0,4th quarter,8:13.0,Chris Bosh,TOR,False,2-pointer,0,55-57,'TOR',trails
56,56,56,200401170ATL,41.2,25.1,4th quarter,8:03.0,Jalen Rose,TOR,False,3-pointer,26,55-57,'TOR',trails
57,57,57,200401170ATL,10.4,6.3,4th quarter,7:33.0,Lamond Murray,TOR,False,2-pointer,14,55-57,'TOR',trails
58,58,58,200401170ATL,0.5,4.7,4th quarter,7:09.0,Donyell Marshall,TOR,False,3-pointer,24,55-57,'TOR',trails
59,59,59,200401170ATL,21.4,10.6,4th quarter,6:29.0,Donyell Marshall,TOR,True,2-pointer,6,57-59,'TOR',trails
60,60,60,200401170ATL,38.6,7.2,4th quarter,5:46.0,Michael Curry,TOR,True,2-pointer,15,59-59,'TOR',tied
61,61,61,200401170ATL,1.0,16.0,4th quarter,5:00.0,Morris Peterson,TOR,False,3-pointer,26,59-59,'TOR',tied
62,62,62,200401170ATL,31.1,7.0,4th quarter,4:28.0,Alvin Williams,TOR,False,2-pointer,7,59-59,'TOR',tied
63,63,63,200401170ATL,12.7,7.0,4th quarter,4:02.0,Alvin Williams,TOR,True,2-pointer,11,61-61,'TOR',tied
64,64,64,200401170ATL,22.7,9.8,4th quarter,3:25.0,Alvin Williams,TOR,False,2-pointer,5,61-61,'TOR',tied
65,65,65,200401170ATL,19.7,8.5,4th quarter,3:22.0,Donyell Marshall,TOR,False,2-pointer,6,61-61,'TOR',tied
66,66,66,200401170ATL,35.7,3.9,4th quarter,2:04.0,Donyell Marshall,TOR,False,2-pointer,12,63-66,'TOR',trails
67,67,67,200401170ATL,24.0,5.0,4th quarter,1:31.0,Jalen Rose,TOR,True,2-pointer,0,65-66,'TOR',trails
68,68,68,200401170ATL,30.9,4.7,4th quarter,0:59.9,Jalen Rose,TOR,False,2-pointer,7,65-68,'TOR',trails
69,69,69,200401170ATL,24.0,5.0,4th quarter,0:17.1,Jalen Rose,TOR,True,2-pointer,0,68-71,'TOR',trails
70,70,70,200401170ATL,24.0,5.0,4th quarter,0:10.9,Morris Peterson,TOR,False,2-pointer,0,68-73,'TOR',trails
71,71,71,200401170ATL,24.0,5.0,4th quarter,0:02.8,Jalen Rose,TOR,True,2-pointer,0,70-74,'TOR',trails
72,72,72,200401170ATL,4.0,32.1,4th quarter,0:00.1,Alvin Williams,TOR,False,3-pointer,34,70-75,'TOR',trails
73,73,73,200401170ATL,29.2,6.5,1st quarter,11:43.0,Shareef Abdur-Rahim,ATL,False,2-pointer,5,0-0,'TOR',tied
74,74,74,200401170ATL,11.4,5.2,1st quarter,11:18.0,Jason Terry,ATL,False,2-pointer,13,0-0,'TOR',tied
75,75,75,200401170ATL,38.3,6.7,1st quarter,11:14.0,Jason Terry,ATL,False,2-pointer,14,0-0,'TOR',tied
76,76,76,200401170ATL,24.0,5.0,1st quarter,10:35.0,Shareef Abdur-Rahim,ATL,False,2-pointer,0,0-0,'TOR',tied
77,77,77,200401170ATL,24.0,5.0,1st quarter,10:32.0,Shareef Abdur-Rahim,ATL,False,2-pointer,0,0-0,'TOR',tied
78,78,78,200401170ATL,38.1,6.8,1st quarter,10:03.0,Shareef Abdur-Rahim,ATL,False,2-pointer,14,0-0,'TOR',tied
79,79,79,200401170ATL,21.4,19.3,1st quarter,9:45.0,Theo Ratliff,ATL,False,2-pointer,15,0-0,'TOR',tied
80,80,80,200401170ATL,47.3,4.1,1st quarter,8:57.0,Jason Terry,ATL,False,3-pointer,23,2-0,'TOR',leads
81,81,81,200401170ATL,38.8,5.3,1st quarter,8:27.0,Theo Ratliff,ATL,False,2-pointer,15,2-0,'TOR',leads
82,82,82,200401170ATL,36.8,5.3,1st quarter,7:44.0,Stephen Jackson,ATL,True,2-pointer,13,4-2,'TOR',leads
83,83,83,200401170ATL,16.3,29.7,1st quarter,7:13.0,Stephen Jackson,ATL,True,3-pointer,26,7-2,'TOR',leads
84,84,84,200401170ATL,11.5,18.7,1st quarter,6:17.0,Shareef Abdur-Rahim,ATL,False,2-pointer,19,7-2,'TOR',leads
85,85,85,200401170ATL,24.0,5.0,1st quarter,5:51.0,Boris Diaw,ATL,False,2-pointer,0,7-2,'TOR',leads
86,86,86,200401170ATL,17.6,5.8,1st quarter,5:10.0,Shareef Abdur-Rahim,ATL,False,2-pointer,6,7-2,'TOR',leads
87,87,87,200401170ATL,42.4,15.5,1st quarter,4:21.0,Stephen Jackson,ATL,True,2-pointer,21,9-4,'TOR',leads
88,88,88,200401170ATL,24.0,5.0,1st quarter,3:43.0,Shareef Abdur-Rahim,ATL,True,2-pointer,0,11-4,'TOR',leads
89,89,89,200401170ATL,36.6,10.6,1st quarter,2:51.0,Stephen Jackson,ATL,False,2-pointer,14,11-4,'TOR',leads
90,90,90,200401170ATL,24.0,5.0,1st quarter,2:13.0,Theo Ratliff,ATL,True,2-pointer,0,13-6,'TOR',leads
91,91,91,200401170ATL,0.5,4.2,1st quarter,0:46.5,Dion Glover,ATL,True,3-pointer,24,16-8,'TOR',leads
92,92,92,200401170ATL,24.0,5.0,2nd quarter,11:18.0,Dion Glover,ATL,False,2-pointer,0,16-11,'TOR',leads
93,93,93,200401170ATL,34.0,5.5,2nd quarter,11:14.0,Nazr Mohammed,ATL,True,2-pointer,10,18-11,'TOR',leads
94,94,94,200401170ATL,17.6,6.2,2nd quarter,10:43.0,Shareef Abdur-Rahim,ATL,True,2-pointer,7,20-11,'TOR',leads
95,95,95,200401170ATL,12.3,6.3,2nd quarter,10:03.0,Chris Crawford,ATL,True,2-pointer,12,22-11,'TOR',leads
96,96,96,200401170ATL,1.2,4.1,2nd quarter,9:28.0,Stephen Jackson,ATL,True,3-pointer,23,25-12,'TOR',leads
97,97,97,200401170ATL,24.0,5.0,2nd quarter,8:53.0,Dion Glover,ATL,False,2-pointer,0,25-12,'TOR',leads
98,98,98,200401170ATL,24.0,5.0,2nd quarter,8:51.0,Nazr Mohammed,ATL,False,2-pointer,0,25-12,'TOR',leads
99,99,99,200401170ATL,24.0,5.0,2nd quarter,8:18.0,Chris Crawford,ATL,False,2-pointer,0,25-14,'TOR',leads
100,100,100,200401170ATL,15.1,10.1,2nd quarter,6:58.0,Theo Ratliff,ATL,False,2-pointer,10,26-18,'TOR',leads
101,101,101,200401170ATL,34.7,7.5,2nd quarter,6:43.0,Theo Ratliff,ATL,True,2-pointer,11,28-18,'TOR',leads
102,102,102,200401170ATL,23.7,10.3,2nd quarter,6:11.0,Theo Ratliff,ATL,False,2-pointer,5,28-20,'TOR',leads
103,103,103,200401170ATL,24.0,5.0,2nd quarter,6:10.0,Nazr Mohammed,ATL,False,2-pointer,0,28-20,'TOR',leads
104,104,104,200401170ATL,29.6,19.8,2nd quarter,5:06.0,Boris Diaw,ATL,False,2-pointer,16,28-23,'TOR',leads
105,105,105,200401170ATL,24.0,5.0,2nd quarter,3:55.0,Stephen Jackson,ATL,False,2-pointer,0,28-25,'TOR',leads
106,106,106,200401170ATL,22.4,21.6,2nd quarter,3:14.0,Shareef Abdur-Rahim,ATL,False,2-pointer,17,28-28,'TOR',tied
107,107,107,200401170ATL,34.2,27.7,2nd quarter,2:47.0,Jason Terry,ATL,True,3-pointer,25,31-28,'TOR',leads
108,108,108,200401170ATL,24.0,5.0,2nd quarter,2:11.0,Boris Diaw,ATL,True,2-pointer,0,33-28,'TOR',leads
109,109,109,200401170ATL,24.0,5.0,2nd quarter,1:27.0,Shareef Abdur-Rahim,ATL,True,2-pointer,0,35-29,'TOR',leads
110,110,110,200401170ATL,24.0,5.0,2nd quarter,0:36.5,Boris Diaw,ATL,True,2-pointer,0,37-31,'TOR',leads
111,111,111,200401170ATL,2.2,19.0,3rd quarter,11:30.0,Stephen Jackson,ATL,True,3-pointer,26,40-34,'TOR',leads
112,112,112,200401170ATL,24.0,5.0,3rd quarter,10:56.0,Shareef Abdur-Rahim,ATL,False,2-pointer,0,40-36,'TOR',leads
113,113,113,200401170ATL,24.0,10.1,3rd quarter,9:46.0,Theo Ratliff,ATL,True,2-pointer,5,42-36,'TOR',leads
114,114,114,200401170ATL,15.6,4.7,3rd quarter,9:13.0,Shareef Abdur-Rahim,ATL,False,2-pointer,8,42-38,'TOR',leads
115,115,115,200401170ATL,18.1,5.0,3rd quarter,8:04.0,Shareef Abdur-Rahim,ATL,False,2-pointer,6,42-38,'TOR',leads
116,116,116,200401170ATL,13.7,17.7,3rd quarter,7:00.0,Stephen Jackson,ATL,True,2-pointer,16,45-39,'TOR',leads
117,117,117,200401170ATL,8.4,10.3,3rd quarter,5:39.0,Stephen Jackson,ATL,False,2-pointer,16,45-39,'TOR',leads
118,118,118,200401170ATL,24.0,5.0,3rd quarter,5:37.0,Boris Diaw,ATL,False,2-pointer,0,45-39,'TOR',leads
119,119,119,200401170ATL,36.3,15.9,3rd quarter,5:16.0,Shareef Abdur-Rahim,ATL,False,2-pointer,16,45-39,'TOR',leads
120,120,120,200401170ATL,24.0,5.0,3rd quarter,5:14.0,Boris Diaw,ATL,False,2-pointer,0,45-39,'TOR',leads
121,121,121,200401170ATL,24.0,5.0,3rd quarter,4:40.0,Boris Diaw,ATL,False,2-pointer,0,45-42,'TOR',leads
122,122,122,200401170ATL,36.1,5.0,3rd quarter,4:07.0,Shareef Abdur-Rahim,ATL,False,2-pointer,12,45-45,'TOR',tied
123,123,123,200401170ATL,27.3,8.1,3rd quarter,2:53.0,Shareef Abdur-Rahim,ATL,True,2-pointer,5,47-49,'TOR',trails
124,124,124,200401170ATL,10.4,16.8,3rd quarter,1:37.0,Shareef Abdur-Rahim,ATL,False,2-pointer,18,49-52,'TOR',trails
125,125,125,200401170ATL,24.0,5.0,3rd quarter,1:24.0,Dion Glover,ATL,True,2-pointer,0,51-52,'TOR',trails
126,126,126,200401170ATL,17.1,17.7,3rd quarter,0:48.9,Nazr Mohammed,ATL,False,2-pointer,14,51-52,'TOR',trails
127,127,127,200401170ATL,35.3,14.5,4th quarter,11:46.0,Stephen Jackson,ATL,False,2-pointer,15,51-52,'TOR',trails
128,128,128,200401170ATL,7.2,7.3,4th quarter,11:14.0,Jason Terry,ATL,True,2-pointer,17,53-52,'TOR',leads
129,129,129,200401170ATL,24.0,5.0,4th quarter,10:40.0,Shareef Abdur-Rahim,ATL,True,2-pointer,0,55-54,'TOR',leads
130,130,130,200401170ATL,22.9,11.1,4th quarter,9:22.0,Dion Glover,ATL,False,2-pointer,6,57-54,'TOR',leads
131,131,131,200401170ATL,35.5,27.4,4th quarter,8:38.0,Dion Glover,ATL,False,3-pointer,25,57-55,'TOR',leads
132,132,132,200401170ATL,39.8,26.5,4th quarter,7:56.0,Jason Terry,ATL,False,3-pointer,27,57-55,'TOR',leads
133,133,133,200401170ATL,24.0,5.0,4th quarter,6:52.0,Theo Ratliff,ATL,True,2-pointer,0,59-55,'TOR',leads
134,134,134,200401170ATL,24.0,5.0,4th quarter,6:10.0,Jason Terry,ATL,False,2-pointer,0,59-57,'TOR',leads
135,135,135,200401170ATL,24.0,5.0,4th quarter,6:04.0,Theo Ratliff,ATL,False,2-pointer,0,59-57,'TOR',leads
136,136,136,200401170ATL,26.9,10.1,4th quarter,5:21.0,Shareef Abdur-Rahim,ATL,False,2-pointer,6,59-59,'TOR',tied
137,137,137,200401170ATL,8.6,6.7,4th quarter,4:22.0,Jason Terry,ATL,True,2-pointer,15,61-59,'TOR',leads
138,138,138,200401170ATL,40.7,3.6,4th quarter,3:47.0,Jason Terry,ATL,False,2-pointer,17,61-61,'TOR',tied
139,139,139,200401170ATL,0.3,4.5,4th quarter,3:13.0,Stephen Jackson,ATL,True,3-pointer,24,64-61,'TOR',leads
140,140,140,200401170ATL,24.0,5.0,4th quarter,2:34.0,Stephen Jackson,ATL,False,2-pointer,0,64-63,'TOR',leads
141,141,141,200401170ATL,24.0,5.0,4th quarter,2:32.0,Shareef Abdur-Rahim,ATL,True,2-pointer,0,66-63,'TOR',leads
142,142,142,200401170ATL,24.0,5.0,4th quarter,1:43.0,Shareef Abdur-Rahim,ATL,False,2-pointer,0,66-63,'TOR',leads
143,143,143,200401170ATL,32.9,18.3,4th quarter,1:14.0,Shareef Abdur-Rahim,ATL,True,2-pointer,16,68-65,'TOR',leads
144,144,144,200401170ATL,22.5,26.4,4th quarter,0:40.6,Shareef Abdur-Rahim,ATL,True,2-pointer,21,70-65,'TOR',leads
145,145,145,200401170CHI,7.9,16.5,1st quarter,11:39.0,Allan Houston,NYK,True,2-pointer,20,2-0,'NYK',leads
146,146,146,200401170CHI,20.1,12.9,1st quarter,11:09.0,Kurt Thomas,NYK,True,2-pointer,9,4-2,'NYK',leads
147,147,147,200401170CHI,6.6,7.6,1st quarter,10:32.0,Allan Houston,NYK,False,2-pointer,18,4-4,'NYK',tied
148,148,148,200401170CHI,33.2,20.5,1st quarter,10:04.0,Kurt Thomas,NYK,True,2-pointer,18,6-7,'NYK',trails
149,149,149,200401170CHI,33.7,25.9,1st quarter,9:26.0,Allan Houston,NYK,False,2-pointer,23,6-10,'NYK',trails
150,150,150,200401170CHI,18.1,11.4,1st quarter,8:53.0,Dikembe Mutombo,NYK,False,2-pointer,9,6-12,'NYK',trails
151,151,151,200401170CHI,23.4,24.1,1st quarter,8:22.0,Allan Houston,NYK,False,2-pointer,19,6-14,'NYK',trails
152,152,152,200401170CHI,24.0,5.0,1st quarter,8:14.0,Keith Van,NYK,False,2-pointer,0,6-14,'NYK',trails
153,153,153,200401170CHI,13.8,29.5,1st quarter,8:07.0,Allan Houston,NYK,True,3-pointer,27,9-14,'NYK',trails
154,154,154,200401170CHI,24.0,5.0,1st quarter,7:44.0,Keith Van,NYK,True,2-pointer,0,11-14,'NYK',trails
155,155,155,200401170CHI,17.9,12.2,1st quarter,7:05.0,Keith Van,NYK,False,2-pointer,9,11-17,'NYK',trails
156,156,156,200401170CHI,27.3,14.1,1st quarter,6:07.0,Kurt Thomas,NYK,True,2-pointer,10,13-19,'NYK',trails
157,157,157,200401170CHI,34.5,11.1,1st quarter,5:06.0,Kurt Thomas,NYK,False,2-pointer,12,14-21,'NYK',trails
158,158,158,200401170CHI,16.5,4.7,1st quarter,4:15.0,Keith Van,NYK,True,2-pointer,8,18-23,'NYK',trails
159,159,159,200401170CHI,30.7,21.4,1st quarter,3:43.0,Michael Doleac,NYK,True,2-pointer,18,20-25,'NYK',trails
160,160,160,200401170CHI,41.2,5.5,1st quarter,3:09.0,Stephon Marbury,NYK,False,2-pointer,17,20-27,'NYK',trails
161,161,161,200401170CHI,40.6,25.2,1st quarter,2:36.0,Allan Houston,NYK,True,3-pointer,26,23-27,'NYK',trails
162,162,162,200401170CHI,23.5,30.0,1st quarter,1:58.0,Allan Houston,NYK,False,3-pointer,25,23-27,'NYK',trails
163,163,163,200401170CHI,45.5,18.3,1st quarter,1:24.0,Keith Van,NYK,False,3-pointer,25,23-27,'NYK',trails
164,164,164,200401170CHI,24.0,5.0,1st quarter,0:46.9,Keith Van,NYK,False,2-pointer,0,23-27,'NYK',trails
165,165,165,200401170CHI,6.1,7.5,1st quarter,0:29.6,Stephon Marbury,NYK,True,2-pointer,18,25-29,'NYK',trails
166,166,166,200401170CHI,24.0,5.0,1st quarter,0:00.1,Othella Harrington,NYK,True,2-pointer,0,27-30,'NYK',trails
167,167,167,200401170CHI,17.1,11.3,2nd quarter,11:23.0,Anfernee Hardaway,NYK,True,2-pointer,9,29-32,'NYK',trails
168,168,168,200401170CHI,36.0,21.1,2nd quarter,10:49.0,Michael Doleac,NYK,False,2-pointer,20,29-32,'NYK',trails
169,169,169,200401170CHI,35.0,14.4,2nd quarter,10:30.0,Keith Van,NYK,False,2-pointer,14,29-32,'NYK',trails
170,170,170,200401170CHI,36.5,14.5,2nd quarter,9:59.0,Moochie Norris,NYK,False,2-pointer,16,29-32,'NYK',trails
171,171,171,200401170CHI,36.0,18.5,2nd quarter,9:00.0,Anfernee Hardaway,NYK,False,2-pointer,18,30-34,'NYK',trails
172,172,172,200401170CHI,12.0,7.0,2nd quarter,7:47.0,Michael Doleac,NYK,False,2-pointer,12,32-36,'NYK',trails
173,173,173,200401170CHI,24.0,5.0,2nd quarter,7:44.0,Anfernee Hardaway,NYK,False,2-pointer,0,32-36,'NYK',trails
174,174,174,200401170CHI,35.3,20.0,2nd quarter,7:12.0,Anfernee Hardaway,NYK,False,2-pointer,19,32-36,'NYK',trails
175,175,175,200401170CHI,24.0,5.0,2nd quarter,6:53.0,Moochie Norris,NYK,False,2-pointer,0,32-36,'NYK',trails
176,176,176,200401170CHI,3.5,22.3,2nd quarter,6:48.0,Allan Houston,NYK,True,3-pointer,27,35-36,'NYK',trails
177,177,177,200401170CHI,24.0,5.0,2nd quarter,5:41.0,Othella Harrington,NYK,True,2-pointer,0,39-37,'NYK',leads
178,178,178,200401170CHI,11.4,17.5,2nd quarter,5:21.0,Allan Houston,NYK,True,2-pointer,18,41-38,'NYK',leads
179,179,179,200401170CHI,28.3,11.6,2nd quarter,4:51.0,Kurt Thomas,NYK,False,2-pointer,8,42-40,'NYK',leads
180,180,180,200401170CHI,10.2,10.8,2nd quarter,4:36.0,Kurt Thomas,NYK,False,2-pointer,15,42-40,'NYK',leads
181,181,181,200401170CHI,8.9,12.2,2nd quarter,3:51.0,Allan Houston,NYK,True,2-pointer,17,44-42,'NYK',leads
182,182,182,200401170CHI,8.7,11.8,2nd quarter,3:16.0,Allan Houston,NYK,False,2-pointer,17,44-44,'NYK',tied
183,183,183,200401170CHI,0.8,3.1,2nd quarter,2:58.0,Anfernee Hardaway,NYK,True,3-pointer,23,47-44,'NYK',leads
184,184,184,200401170CHI,10.9,19.0,2nd quarter,2:09.0,Kurt Thomas,NYK,True,2-pointer,19,49-46,'NYK',leads
185,185,185,200401170CHI,46.2,20.1,2nd quarter,1:00.0,Allan Houston,NYK,True,3-pointer,27,52-51,'NYK',leads
186,186,186,200401170CHI,24.5,31.0,2nd quarter,0:30.9,Allan Houston,NYK,True,3-pointer,26,55-53,'NYK',leads
187,187,187,200401170CHI,24.0,5.0,3rd quarter,11:32.0,Kurt Thomas,NYK,False,2-pointer,0,56-55,'NYK',leads
188,188,188,200401170CHI,41.1,16.7,3rd quarter,11:24.0,Allan Houston,NYK,False,2-pointer,21,56-55,'NYK',leads
189,189,189,200401170CHI,24.0,5.0,3rd quarter,10:40.0,Keith Van,NYK,True,2-pointer,0,58-55,'NYK',leads
190,190,190,200401170CHI,6.1,7.2,3rd quarter,10:03.0,Stephon Marbury,NYK,False,2-pointer,18,58-55,'NYK',leads
191,191,191,200401170CHI,10.9,12.2,3rd quarter,9:33.0,Keith Van,NYK,False,2-pointer,15,58-56,'NYK',leads
192,192,192,200401170CHI,15.1,18.2,3rd quarter,9:14.0,Kurt Thomas,NYK,True,2-pointer,16,60-56,'NYK',leads
193,193,193,200401170CHI,45.0,19.5,3rd quarter,8:40.0,Allan Houston,NYK,False,3-pointer,26,60-56,'NYK',leads
194,194,194,200401170CHI,13.3,21.6,3rd quarter,8:16.0,Kurt Thomas,NYK,False,2-pointer,20,60-56,'NYK',leads
195,195,195,200401170CHI,37.1,10.3,3rd quarter,7:30.0,Kurt Thomas,NYK,False,2-pointer,14,60-58,'NYK',leads
196,196,196,200401170CHI,39.3,14.5,3rd quarter,7:00.0,Allan Houston,NYK,False,2-pointer,18,60-60,'NYK',tied
197,197,197,200401170CHI,21.9,25.1,3rd quarter,5:31.0,Stephon Marbury,NYK,False,2-pointer,20,62-65,'NYK',trails
198,198,198,200401170CHI,24.0,5.0,3rd quarter,5:13.0,Stephon Marbury,NYK,True,2-pointer,0,64-65,'NYK',trails
199,199,199,200401170CHI,10.2,13.1,3rd quarter,4:38.0,Allan Houston,NYK,False,2-pointer,16,64-65,'NYK',trails
200,200,200,200401170CHI,24.0,5.0,3rd quarter,4:35.0,Dikembe Mutombo,NYK,False,2-pointer,0,64-65,'NYK',trails
201,201,201,200401170CHI,9.2,16.4,3rd quarter,3:45.0,Allan Houston,NYK,False,2-pointer,19,66-69,'NYK',trails
202,202,202,200401170CHI,10.9,15.9,3rd quarter,3:39.0,Kurt Thomas,NYK,False,2-pointer,17,66-69,'NYK',trails
203,203,203,200401170CHI,38.1,25.1,3rd quarter,3:33.0,Allan Houston,NYK,False,3-pointer,25,66-69,'NYK',trails
204,204,204,200401170CHI,31.4,16.5,3rd quarter,2:20.0,Anfernee Hardaway,NYK,False,2-pointer,14,68-71,'NYK',trails
205,205,205,200401170CHI,13.0,18.8,3rd quarter,1:50.0,Keith Van,NYK,False,2-pointer,18,68-73,'NYK',trails
206,206,206,200401170CHI,15.1,20.1,3rd quarter,0:49.9,Keith Van,NYK,False,2-pointer,18,68-75,'NYK',trails
207,207,207,200401170CHI,11.7,18.3,3rd quarter,0:00.0,Stephon Marbury,NYK,False,2-pointer,18,68-75,'NYK',trails
208,208,208,200401170CHI,24.0,5.0,4th quarter,11:41.0,Stephon Marbury,NYK,False,2-pointer,0,68-75,'NYK',trails
209,209,209,200401170CHI,24.0,5.0,4th quarter,11:37.0,Michael Doleac,NYK,False,2-pointer,0,68-75,'NYK',trails
210,210,210,200401170CHI,24.0,5.0,4th quarter,10:58.0,Anfernee Hardaway,NYK,False,2-pointer,0,68-75,'NYK',trails
211,211,211,200401170CHI,22.7,14.2,4th quarter,10:55.0,Michael Doleac,NYK,False,2-pointer,9,68-75,'NYK',trails
212,212,212,200401170CHI,24.0,5.0,4th quarter,10:53.0,Keith Van,NYK,True,2-pointer,0,70-75,'NYK',trails
213,213,213,200401170CHI,24.8,31.1,4th quarter,10:33.0,Keith Van,NYK,True,3-pointer,26,73-75,'NYK',trails
214,214,214,200401170CHI,19.1,31.0,4th quarter,10:03.0,Stephon Marbury,NYK,True,3-pointer,26,76-75,'NYK',leads
215,215,215,200401170CHI,11.5,18.8,4th quarter,8:55.0,Allan Houston,NYK,False,2-pointer,19,76-77,'NYK',trails
216,216,216,200401170CHI,13.2,28.8,4th quarter,8:27.0,Keith Van,NYK,True,3-pointer,26,79-77,'NYK',leads
217,217,217,200401170CHI,10.2,27.5,4th quarter,8:00.0,Keith Van,NYK,True,3-pointer,26,82-77,'NYK',leads
218,218,218,200401170CHI,24.0,5.0,4th quarter,7:23.0,Keith Van,NYK,False,2-pointer,0,82-77,'NYK',leads
219,219,219,200401170CHI,22.9,12.2,4th quarter,7:19.0,Keith Van,NYK,True,2-pointer,7,84-77,'NYK',leads
220,220,220,200401170CHI,33.2,20.0,4th quarter,6:42.0,Allan Houston,NYK,False,2-pointer,18,84-79,'NYK',leads
221,221,221,200401170CHI,12.5,12.9,4th quarter,5:54.0,Keith Van,NYK,False,2-pointer,14,84-79,'NYK',leads
222,222,222,200401170CHI,12.8,19.8,4th quarter,5:13.0,Moochie Norris,NYK,True,2-pointer,19,86-79,'NYK',leads
223,223,223,200401170CHI,40.1,11.6,4th quarter,4:40.0,Allan Houston,NYK,True,2-pointer,17,88-79,'NYK',leads
224,224,224,200401170CHI,16.1,9.9,4th quarter,3:52.0,Keith Van,NYK,True,2-pointer,9,90-82,'NYK',leads
225,225,225,200401170CHI,17.6,11.9,4th quarter,2:29.0,Keith Van,NYK,False,2-pointer,9,91-82,'NYK',leads
226,226,226,200401170CHI,7.9,25.9,4th quarter,1:54.0,Allan Houston,NYK,False,3-pointer,26,93-84,'NYK',leads
227,227,227,200401170CHI,9.4,7.2,4th quarter,1:35.0,Othella Harrington,NYK,False,2-pointer,15,93-85,'NYK',leads
228,228,228,200401170CHI,21.4,10.3,1st quarter,11:22.0,Eddy Curry,CHI,True,2-pointer,6,2-2,'NYK',tied
229,229,229,200401170CHI,14.6,13.9,1st quarter,10:42.0,Antonio Davis,CHI,True,2-pointer,13,4-4,'NYK',tied
230,230,230,200401170CHI,8.7,25.4,1st quarter,10:19.0,Kirk Hinrich,CHI,True,3-pointer,26,7-4,'NYK',leads
231,231,231,200401170CHI,24.0,30.7,1st quarter,9:42.0,Kirk Hinrich,CHI,True,3-pointer,26,10-6,'NYK',leads
232,232,232,200401170CHI,7.4,8.1,1st quarter,9:05.0,Jamal Crawford,CHI,True,2-pointer,17,12-6,'NYK',leads
233,233,233,200401170CHI,20.9,10.1,1st quarter,8:40.0,Eddy Curry,CHI,True,2-pointer,6,14-6,'NYK',leads
234,234,234,200401170CHI,34.8,29.3,1st quarter,7:21.0,Jamal Crawford,CHI,True,3-pointer,27,17-11,'NYK',leads
235,235,235,200401170CHI,16.8,20.5,1st quarter,6:50.0,Antonio Davis,CHI,True,2-pointer,17,19-11,'NYK',leads
236,236,236,200401170CHI,9.7,24.9,1st quarter,6:23.0,Kirk Hinrich,CHI,False,3-pointer,25,19-11,'NYK',leads
237,237,237,200401170CHI,24.0,5.0,1st quarter,5:53.0,Eddy Curry,CHI,True,2-pointer,0,21-13,'NYK',leads
238,238,238,200401170CHI,15.8,11.8,1st quarter,5:15.0,Eddy Curry,CHI,False,2-pointer,11,21-14,'NYK',leads
239,239,239,200401170CHI,24.0,5.0,1st quarter,4:58.0,Eddy Curry,CHI,True,2-pointer,0,23-14,'NYK',leads
240,240,240,200401170CHI,9.5,7.3,1st quarter,4:26.0,Antonio Davis,CHI,False,2-pointer,15,23-16,'NYK',leads
241,241,241,200401170CHI,21.2,18.3,1st quarter,3:54.0,Kirk Hinrich,CHI,True,2-pointer,14,25-18,'NYK',leads
242,242,242,200401170CHI,40.7,7.5,1st quarter,3:26.0,Ronald Dupree,CHI,False,2-pointer,17,25-20,'NYK',leads
243,243,243,200401170CHI,24.0,5.0,1st quarter,3:21.0,Eddy Curry,CHI,True,2-pointer,0,27-20,'NYK',leads
244,244,244,200401170CHI,18.4,9.3,1st quarter,2:55.0,Kirk Hinrich,CHI,False,2-pointer,7,27-20,'NYK',leads
245,245,245,200401170CHI,24.0,5.0,1st quarter,2:18.0,Antonio Davis,CHI,False,2-pointer,0,27-23,'NYK',leads
246,246,246,200401170CHI,20.9,22.1,1st quarter,1:42.0,Kirk Hinrich,CHI,False,2-pointer,17,27-23,'NYK',leads
247,247,247,200401170CHI,35.0,29.3,1st quarter,1:01.0,Scottie Pippen,CHI,False,3-pointer,27,27-23,'NYK',leads
248,248,248,200401170CHI,17.9,9.8,2nd quarter,11:43.0,Marcus Fizer,CHI,True,2-pointer,8,32-27,'NYK',leads
249,249,249,200401170CHI,10.7,19.6,2nd quarter,10:59.0,Kendall Gill,CHI,False,2-pointer,20,32-29,'NYK',leads
250,250,250,200401170CHI,13.8,3.6,2nd quarter,10:17.0,Marcus Fizer,CHI,False,2-pointer,10,32-29,'NYK',leads
251,251,251,200401170CHI,14.6,19.8,2nd quarter,9:52.0,Scottie Pippen,CHI,False,2-pointer,18,32-29,'NYK',leads
252,252,252,200401170CHI,32.7,11.1,2nd quarter,9:21.0,Marcus Fizer,CHI,False,2-pointer,11,32-30,'NYK',leads
253,253,253,200401170CHI,24.0,5.0,2nd quarter,9:18.0,Corie Blount,CHI,True,2-pointer,0,34-30,'NYK',leads
254,254,254,200401170CHI,40.9,6.2,2nd quarter,8:52.0,Scottie Pippen,CHI,True,2-pointer,17,36-30,'NYK',leads
255,255,255,200401170CHI,38.3,8.0,2nd quarter,7:25.0,Scottie Pippen,CHI,False,2-pointer,15,36-32,'NYK',leads
256,256,256,200401170CHI,40.1,12.4,2nd quarter,6:15.0,Jamal Crawford,CHI,False,2-pointer,18,37-35,'NYK',leads
257,257,257,200401170CHI,24.0,5.0,2nd quarter,5:47.0,Eddy Curry,CHI,False,2-pointer,0,37-37,'NYK',tied
258,258,258,200401170CHI,37.6,5.5,2nd quarter,5:07.0,Jamal Crawford,CHI,True,2-pointer,14,40-42,'NYK',trails
259,259,259,200401170CHI,14.5,9.6,2nd quarter,4:12.0,Eddy Curry,CHI,True,2-pointer,11,42-42,'NYK',tied
260,260,260,200401170CHI,40.3,7.3,2nd quarter,3:36.0,Ronald Dupree,CHI,True,2-pointer,16,44-44,'NYK',tied
261,261,261,200401170CHI,36.6,14.7,2nd quarter,2:32.0,Antonio Davis,CHI,True,2-pointer,16,46-47,'NYK',trails
262,262,262,200401170CHI,24.0,5.0,2nd quarter,1:49.0,Eddy Curry,CHI,True,2-pointer,0,48-49,'NYK',trails
263,263,263,200401170CHI,38.0,24.9,2nd quarter,1:20.0,Jamal Crawford,CHI,True,3-pointer,24,51-49,'NYK',leads
264,264,264,200401170CHI,24.0,5.0,2nd quarter,0:46.9,Eddy Curry,CHI,True,2-pointer,0,53-52,'NYK',leads
265,265,265,200401170CHI,24.0,5.0,2nd quarter,0:01.3,Eddy Curry,CHI,True,2-pointer,0,55-56,'NYK',trails
266,266,266,200401170CHI,23.0,22.4,3rd quarter,11:47.0,Jamal Crawford,CHI,False,2-pointer,17,55-56,'NYK',trails
267,267,267,200401170CHI,12.2,18.7,3rd quarter,11:00.0,Ronald Dupree,CHI,False,2-pointer,18,55-56,'NYK',trails
268,268,268,200401170CHI,35.0,29.0,3rd quarter,10:19.0,Kirk Hinrich,CHI,False,3-pointer,26,55-58,'NYK',trails
269,269,269,200401170CHI,27.6,13.1,3rd quarter,9:49.0,Kirk Hinrich,CHI,False,2-pointer,9,55-58,'NYK',trails
270,270,270,200401170CHI,36.8,17.3,3rd quarter,9:24.0,Jamal Crawford,CHI,False,2-pointer,18,56-58,'NYK',trails
271,271,271,200401170CHI,24.0,5.0,3rd quarter,8:47.0,Ronald Dupree,CHI,False,2-pointer,0,56-60,'NYK',trails
272,272,272,200401170CHI,32.9,9.1,3rd quarter,8:27.0,Eddy Curry,CHI,False,2-pointer,10,56-60,'NYK',trails
273,273,273,200401170CHI,24.0,5.0,3rd quarter,8:22.0,Eddy Curry,CHI,False,2-pointer,0,56-60,'NYK',trails
274,274,274,200401170CHI,15.1,21.4,3rd quarter,8:01.0,Kirk Hinrich,CHI,False,2-pointer,19,56-60,'NYK',trails
275,275,275,200401170CHI,14.6,14.1,3rd quarter,7:48.0,Ronald Dupree,CHI,True,2-pointer,13,58-60,'NYK',trails
276,276,276,200401170CHI,8.9,10.9,3rd quarter,7:17.0,Antonio Davis,CHI,True,2-pointer,16,60-60,'NYK',tied
277,277,277,200401170CHI,24.0,5.0,3rd quarter,6:21.0,Jamal Crawford,CHI,True,2-pointer,0,62-62,'NYK',tied
278,278,278,200401170CHI,3.1,20.0,3rd quarter,5:52.0,Jamal Crawford,CHI,True,3-pointer,26,65-62,'NYK',leads
279,279,279,200401170CHI,11.2,16.7,3rd quarter,4:55.0,Ronald Dupree,CHI,False,2-pointer,17,65-64,'NYK',leads
280,280,280,200401170CHI,30.7,11.4,3rd quarter,4:29.0,Ronald Dupree,CHI,True,2-pointer,9,67-64,'NYK',leads
281,281,281,200401170CHI,24.0,5.0,3rd quarter,3:23.0,Ronald Dupree,CHI,False,2-pointer,0,69-66,'NYK',leads
282,282,282,200401170CHI,30.7,14.9,3rd quarter,3:04.0,Jamal Crawford,CHI,True,2-pointer,12,71-68,'NYK',leads
283,283,283,200401170CHI,12.5,16.7,3rd quarter,2:37.0,Antonio Davis,CHI,False,2-pointer,16,71-68,'NYK',leads
284,284,284,200401170CHI,23.4,18.8,3rd quarter,2:11.0,Corie Blount,CHI,True,2-pointer,14,73-68,'NYK',leads
285,285,285,200401170CHI,35.8,28.7,3rd quarter,1:43.0,Jamal Crawford,CHI,False,3-pointer,26,73-68,'NYK',leads
286,286,286,200401170CHI,24.0,5.0,3rd quarter,1:09.0,Antonio Davis,CHI,True,2-pointer,0,75-68,'NYK',leads
287,287,287,200401170CHI,24.0,5.0,3rd quarter,0:41.5,Jamal Crawford,CHI,False,2-pointer,0,75-68,'NYK',leads
288,288,288,200401170CHI,10.5,17.8,3rd quarter,0:23.9,Jamal Crawford,CHI,False,2-pointer,19,75-68,'NYK',leads
289,289,289,200401170CHI,16.5,18.0,4th quarter,11:24.0,Corie Blount,CHI,False,2-pointer,15,75-68,'NYK',leads
290,290,290,200401170CHI,36.1,11.6,4th quarter,10:45.0,Jerome Williams,CHI,False,2-pointer,14,75-70,'NYK',leads
291,291,291,200401170CHI,20.1,31.3,4th quarter,10:11.0,Scottie Pippen,CHI,False,3-pointer,27,75-73,'NYK',leads
292,292,292,200401170CHI,12.7,11.6,4th quarter,9:48.0,Antonio Davis,CHI,True,2-pointer,13,77-76,'NYK',leads
293,293,293,200401170CHI,37.8,19.0,4th quarter,9:13.0,Scottie Pippen,CHI,False,2-pointer,20,77-76,'NYK',leads
294,294,294,200401170CHI,24.0,5.0,4th quarter,8:40.0,Scottie Pippen,CHI,False,2-pointer,0,77-76,'NYK',leads
295,295,295,200401170CHI,31.1,10.6,4th quarter,7:04.0,Kirk Hinrich,CHI,False,2-pointer,9,77-84,'NYK',trails
296,296,296,200401170CHI,32.0,10.6,4th quarter,5:37.0,Jamal Crawford,CHI,False,2-pointer,10,79-84,'NYK',trails
297,297,297,200401170CHI,15.5,30.5,4th quarter,4:16.0,Kirk Hinrich,CHI,True,3-pointer,27,82-88,'NYK',trails
298,298,298,200401170CHI,15.1,11.6,4th quarter,3:36.0,Antonio Davis,CHI,False,2-pointer,11,82-90,'NYK',trails
299,299,299,200401170CHI,15.5,14.9,4th quarter,2:53.0,Ronald Dupree,CHI,False,2-pointer,13,82-91,'NYK',trails
300,300,300,200401170CHI,24.0,5.0,4th quarter,2:10.0,Ronald Dupree,CHI,True,2-pointer,0,84-93,'NYK',trails
301,301,301,200401170CHI,19.7,21.6,4th quarter,1:22.0,Ronald Dupree,CHI,True,2-pointer,17,87-93,'NYK',trails
302,302,302,200401170CHI,27.3,30.8,4th quarter,0:52.9,Jamal Crawford,CHI,False,3-pointer,26,87-93,'NYK',trails
303,303,303,200401170CHI,34.8,9.8,4th quarter,0:36.9,Jamal Crawford,CHI,False,2-pointer,12,87-94,'NYK',trails
304,304,304,200401170CHI,24.0,5.0,4th quarter,0:35.7,Antonio Davis,CHI,True,2-pointer,0,89-94,'NYK',trails
305,305,305,200401170CHI,24.0,5.0,4th quarter,0:14.0,Antonio Davis,CHI,True,2-pointer,0,93-99,'NYK',trails
306,306,306,200401170CHI,36.1,29.3,4th quarter,0:09.9,Scottie Pippen,CHI,False,3-pointer,27,93-101,'NYK',trails
307,307,307,200401170CHI,7.6,25.4,4th quarter,0:03.9,Jamal Crawford,CHI,False,3-pointer,26,93-101,'NYK',trails
308,308,308,200401170CHI,38.9,27.7,4th quarter,0:00.6,Scottie Pippen,CHI,True,3-pointer,27,96-101,'NYK',trails
309,309,309,200401170HOU,24.0,5.0,1st quarter,11:08.0,Kevin Garnett,MIN,False,2-pointer,0,0-2,'HOU',trails
310,310,310,200401170HOU,33.2,12.6,1st quarter,10:33.0,Sam Cassell,MIN,False,2-pointer,12,0-2,'HOU',trails
311,311,311,200401170HOU,9.2,3.4,1st quarter,10:29.0,Kevin Garnett,MIN,False,2-pointer,15,0-2,'HOU',trails
312,312,312,200401170HOU,14.0,10.3,1st quarter,10:01.0,Kevin Garnett,MIN,False,2-pointer,11,0-2,'HOU',trails
313,313,313,200401170HOU,24.0,5.0,1st quarter,9:30.0,Latrell Sprewell,MIN,False,2-pointer,0,0-4,'HOU',trails
314,314,314,200401170HOU,38.9,15.7,1st quarter,9:02.0,Kevin Garnett,MIN,False,2-pointer,18,0-4,'HOU',trails
315,315,315,200401170HOU,40.1,14.7,1st quarter,8:25.0,Trenton Hassell,MIN,False,2-pointer,19,0-6,'HOU',trails
316,316,316,200401170HOU,31.2,17.7,1st quarter,8:22.0,Kevin Garnett,MIN,True,2-pointer,15,2-6,'HOU',trails
317,317,317,200401170HOU,22.0,21.3,1st quarter,7:44.0,Sam Cassell,MIN,False,2-pointer,16,2-8,'HOU',trails
318,318,318,200401170HOU,39.4,6.7,1st quarter,7:11.0,Latrell Sprewell,MIN,False,2-pointer,15,2-10,'HOU',trails
319,319,319,200401170HOU,24.0,5.0,1st quarter,6:56.0,Latrell Sprewell,MIN,True,2-pointer,0,4-10,'HOU',trails
320,320,320,200401170HOU,22.5,23.7,1st quarter,6:26.0,Kevin Garnett,MIN,False,2-pointer,19,4-10,'HOU',trails
321,321,321,200401170HOU,9.2,10.3,1st quarter,5:55.0,Kevin Garnett,MIN,True,2-pointer,16,6-12,'HOU',trails
322,322,322,200401170HOU,24.0,12.1,1st quarter,5:11.0,Latrell Sprewell,MIN,True,2-pointer,7,8-14,'HOU',trails
323,323,323,200401170HOU,24.0,5.0,1st quarter,4:39.0,Kevin Garnett,MIN,True,2-pointer,0,11-16,'HOU',trails
324,324,324,200401170HOU,38.4,17.2,1st quarter,3:51.0,Latrell Sprewell,MIN,True,2-pointer,19,13-16,'HOU',trails
325,325,325,200401170HOU,41.7,4.4,1st quarter,3:19.0,Latrell Sprewell,MIN,False,2-pointer,18,13-16,'HOU',trails
326,326,326,200401170HOU,6.9,11.1,1st quarter,2:06.0,Sam Cassell,MIN,False,2-pointer,18,13-19,'HOU',trails
327,327,327,200401170HOU,24.0,5.0,1st quarter,1:52.0,Sam Cassell,MIN,False,2-pointer,0,13-19,'HOU',trails
328,328,328,200401170HOU,14.8,28.0,1st quarter,0:00.9,Kevin Garnett,MIN,False,3-pointer,25,13-23,'HOU',trails
329,329,329,200401170HOU,22.7,23.7,2nd quarter,11:30.0,Latrell Sprewell,MIN,False,2-pointer,19,13-23,'HOU',trails
330,330,330,200401170HOU,42.7,10.8,2nd quarter,10:49.0,Kevin Garnett,MIN,False,2-pointer,20,13-23,'HOU',trails
331,331,331,200401170HOU,22.5,19.6,2nd quarter,9:58.0,Mark Madsen,MIN,False,2-pointer,15,13-25,'HOU',trails
332,332,332,200401170HOU,24.0,5.0,2nd quarter,9:31.0,Latrell Sprewell,MIN,False,2-pointer,0,13-27,'HOU',trails
333,333,333,200401170HOU,36.8,26.4,2nd quarter,9:26.0,Anthony Goldwire,MIN,False,3-pointer,25,13-27,'HOU',trails
334,334,334,200401170HOU,25.6,24.6,2nd quarter,8:43.0,Fred Hoiberg,MIN,False,2-pointer,20,13-27,'HOU',trails
335,335,335,200401170HOU,39.3,14.2,2nd quarter,8:11.0,Anthony Goldwire,MIN,False,2-pointer,18,13-29,'HOU',trails
336,336,336,200401170HOU,13.0,7.6,2nd quarter,7:28.0,Oliver Miller,MIN,False,2-pointer,11,13-31,'HOU',trails
337,337,337,200401170HOU,16.3,10.1,2nd quarter,7:06.0,Kevin Garnett,MIN,True,2-pointer,9,15-32,'HOU',trails
338,338,338,200401170HOU,30.1,13.1,2nd quarter,5:49.0,Fred Hoiberg,MIN,False,2-pointer,10,16-37,'HOU',trails
339,339,339,200401170HOU,9.5,10.4,2nd quarter,5:25.0,Sam Cassell,MIN,False,2-pointer,15,16-37,'HOU',trails
340,340,340,200401170HOU,7.2,10.3,2nd quarter,4:47.0,Oliver Miller,MIN,False,2-pointer,18,16-39,'HOU',trails
341,341,341,200401170HOU,23.4,9.6,2nd quarter,4:07.0,Kevin Garnett,MIN,False,2-pointer,5,16-39,'HOU',trails
342,342,342,200401170HOU,40.3,18.8,2nd quarter,3:26.0,Sam Cassell,MIN,False,2-pointer,21,16-39,'HOU',trails
343,343,343,200401170HOU,6.4,14.5,2nd quarter,2:20.0,Sam Cassell,MIN,True,2-pointer,20,18-39,'HOU',trails
344,344,344,200401170HOU,24.0,23.9,2nd quarter,1:55.0,Sam Cassell,MIN,True,2-pointer,19,20-41,'HOU',trails
345,345,345,200401170HOU,10.0,15.5,2nd quarter,1:26.0,Sam Cassell,MIN,False,2-pointer,18,20-41,'HOU',trails
346,346,346,200401170HOU,24.0,5.0,2nd quarter,1:23.0,Kevin Garnett,MIN,True,2-pointer,0,22-41,'HOU',trails
347,347,347,200401170HOU,24.0,5.0,2nd quarter,0:53.6,Sam Cassell,MIN,True,2-pointer,0,24-43,'HOU',trails
348,348,348,200401170HOU,11.0,17.5,2nd quarter,0:30.4,Sam Cassell,MIN,True,2-pointer,18,26-43,'HOU',trails
349,349,349,200401170HOU,16.1,16.5,2nd quarter,0:00.9,Sam Cassell,MIN,False,2-pointer,14,26-45,'HOU',trails
350,350,350,200401170HOU,31.7,14.4,3rd quarter,11:11.0,Latrell Sprewell,MIN,False,2-pointer,12,26-47,'HOU',trails
351,351,351,200401170HOU,15.0,7.3,3rd quarter,9:43.0,Latrell Sprewell,MIN,True,2-pointer,9,28-53,'HOU',trails
352,352,352,200401170HOU,0.5,6.0,3rd quarter,8:32.0,Fred Hoiberg,MIN,False,3-pointer,24,29-55,'HOU',trails
353,353,353,200401170HOU,16.6,18.5,3rd quarter,7:58.0,Sam Cassell,MIN,True,2-pointer,15,31-56,'HOU',trails
354,354,354,200401170HOU,24.0,24.7,3rd quarter,7:28.0,Kevin Garnett,MIN,False,2-pointer,20,31-59,'HOU',trails
355,355,355,200401170HOU,27.6,24.7,3rd quarter,7:05.0,Sam Cassell,MIN,True,2-pointer,20,33-59,'HOU',trails
356,356,356,200401170HOU,30.7,11.4,3rd quarter,6:24.0,Fred Hoiberg,MIN,False,2-pointer,9,33-59,'HOU',trails
357,357,357,200401170HOU,24.0,5.0,3rd quarter,5:56.0,Trenton Hassell,MIN,False,2-pointer,0,33-59,'HOU',trails
358,358,358,200401170HOU,36.1,27.0,3rd quarter,5:27.0,Sam Cassell,MIN,True,3-pointer,25,36-59,'HOU',trails
359,359,359,200401170HOU,13.8,12.1,3rd quarter,4:56.0,Latrell Sprewell,MIN,False,2-pointer,12,36-59,'HOU',trails
360,360,360,200401170HOU,24.0,5.0,3rd quarter,3:42.0,Trenton Hassell,MIN,True,2-pointer,0,38-63,'HOU',trails
361,361,361,200401170HOU,1.0,11.6,3rd quarter,3:09.0,Latrell Sprewell,MIN,False,3-pointer,24,38-63,'HOU',trails
362,362,362,200401170HOU,4.1,4.4,3rd quarter,2:49.0,Fred Hoiberg,MIN,False,2-pointer,20,38-63,'HOU',trails
363,363,363,200401170HOU,24.0,12.2,3rd quarter,1:42.0,Kevin Garnett,MIN,False,2-pointer,7,38-65,'HOU',trails
364,364,364,200401170HOU,14.0,28.0,3rd quarter,1:09.0,Trenton Hassell,MIN,True,3-pointer,25,41-68,'HOU',trails
365,365,365,200401170HOU,14.5,15.5,3rd quarter,0:42.8,Latrell Sprewell,MIN,True,2-pointer,14,43-68,'HOU',trails
366,366,366,200401170HOU,38.9,12.6,3rd quarter,0:22.1,Kevin Garnett,MIN,True,2-pointer,17,45-68,'HOU',trails
367,367,367,200401170HOU,38.0,6.3,4th quarter,11:46.0,Kevin Garnett,MIN,False,2-pointer,14,45-68,'HOU',trails
368,368,368,200401170HOU,24.0,5.0,4th quarter,11:07.0,Trenton Hassell,MIN,True,2-pointer,0,47-70,'HOU',trails
369,369,369,200401170HOU,46.3,18.0,4th quarter,10:48.0,Trenton Hassell,MIN,False,3-pointer,26,47-70,'HOU',trails
370,370,370,200401170HOU,12.2,19.1,4th quarter,10:36.0,Anthony Goldwire,MIN,False,2-pointer,18,47-70,'HOU',trails
371,371,371,200401170HOU,39.3,17.5,4th quarter,9:58.0,Fred Hoiberg,MIN,True,2-pointer,20,51-71,'HOU',trails
372,372,372,200401170HOU,7.9,26.5,4th quarter,8:42.0,Anthony Goldwire,MIN,False,3-pointer,27,54-75,'HOU',trails
373,373,373,200401170HOU,14.1,21.0,4th quarter,8:03.0,Anthony Goldwire,MIN,True,2-pointer,19,56-78,'HOU',trails
374,374,374,200401170HOU,13.2,20.3,4th quarter,7:30.0,Anthony Goldwire,MIN,False,2-pointer,19,56-78,'HOU',trails
375,375,375,200401170HOU,24.6,19.3,4th quarter,6:57.0,Trenton Hassell,MIN,False,2-pointer,14,57-80,'HOU',trails
376,376,376,200401170HOU,24.0,5.0,4th quarter,6:52.0,Latrell Sprewell,MIN,False,2-pointer,0,57-80,'HOU',trails
377,377,377,200401170HOU,24.0,5.0,4th quarter,6:50.0,Kevin Garnett,MIN,True,2-pointer,0,59-80,'HOU',trails
378,378,378,200401170HOU,21.7,29.8,4th quarter,5:45.0,Sam Cassell,MIN,True,3-pointer,25,63-82,'HOU',trails
379,379,379,200401170HOU,7.9,25.2,4th quarter,5:03.0,Sam Cassell,MIN,True,3-pointer,26,66-84,'HOU',trails
380,380,380,200401170HOU,25.5,29.5,4th quarter,4:24.0,Kevin Garnett,MIN,False,3-pointer,25,66-84,'HOU',trails
381,381,381,200401170HOU,12.2,24.2,4th quarter,3:57.0,Latrell Sprewell,MIN,True,2-pointer,23,68-86,'HOU',trails
382,382,382,200401170HOU,47.3,9.1,4th quarter,3:35.0,Trenton Hassell,MIN,True,3-pointer,24,71-86,'HOU',trails
383,383,383,200401170HOU,44.7,24.6,4th quarter,2:57.0,Latrell Sprewell,MIN,False,3-pointer,29,73-86,'HOU',trails
384,384,384,200401170HOU,43.0,23.3,4th quarter,2:06.0,Kevin Garnett,MIN,False,3-pointer,26,73-90,'HOU',trails
385,385,385,200401170HOU,11.2,27.0,4th quarter,1:37.0,Sam Cassell,MIN,False,3-pointer,25,73-92,'HOU',trails
386,386,386,200401170HOU,36.8,3.6,4th quarter,0:54.9,Sam Cassell,MIN,False,2-pointer,13,73-92,'HOU',trails
387,387,387,200401170HOU,10.5,26.7,4th quarter,0:21.5,Anthony Goldwire,MIN,True,3-pointer,26,76-95,'HOU',trails
388,388,388,200401170HOU,39.3,17.5,1st quarter,11:35.0,Steve Francis,HOU,True,2-pointer,20,2-0,'HOU',leads
389,389,389,200401170HOU,40.3,14.4,1st quarter,10:43.0,Steve Francis,HOU,False,2-pointer,19,2-0,'HOU',leads
390,390,390,200401170HOU,23.7,19.6,1st quarter,9:51.0,Kelvin Cato,HOU,False,2-pointer,15,2-0,'HOU',leads
391,391,391,200401170HOU,24.0,5.0,1st quarter,9:47.0,Yao Ming,HOU,True,2-pointer,0,4-0,'HOU',leads
392,392,392,200401170HOU,47.3,8.1,1st quarter,9:23.0,Cuttino Mobley,HOU,False,3-pointer,24,4-0,'HOU',leads
393,393,393,200401170HOU,15.6,19.6,1st quarter,8:42.0,Jim Jackson,HOU,True,2-pointer,17,6-0,'HOU',leads
394,394,394,200401170HOU,24.0,5.0,1st quarter,7:57.0,Cuttino Mobley,HOU,True,2-pointer,0,8-2,'HOU',leads
395,395,395,200401170HOU,31.7,18.0,1st quarter,7:28.0,Steve Francis,HOU,True,2-pointer,15,10-2,'HOU',leads
396,396,396,200401170HOU,27.9,10.9,1st quarter,7:01.0,Cuttino Mobley,HOU,False,2-pointer,7,10-2,'HOU',leads
397,397,397,200401170HOU,14.6,17.8,1st quarter,6:40.0,Cuttino Mobley,HOU,False,2-pointer,16,10-4,'HOU',leads
398,398,398,200401170HOU,24.0,5.0,1st quarter,6:16.0,Kelvin Cato,HOU,True,2-pointer,0,12-4,'HOU',leads
399,399,399,200401170HOU,24.0,5.0,1st quarter,5:32.0,Yao Ming,HOU,True,2-pointer,0,14-6,'HOU',leads
400,400,400,200401170HOU,33.7,19.3,1st quarter,4:56.0,Yao Ming,HOU,True,2-pointer,17,16-9,'HOU',leads
401,401,401,200401170HOU,23.8,22.9,1st quarter,4:24.0,Cuttino Mobley,HOU,False,2-pointer,18,16-11,'HOU',leads
402,402,402,200401170HOU,47.2,16.2,1st quarter,4:11.0,Jim Jackson,HOU,False,3-pointer,26,16-11,'HOU',leads
403,403,403,200401170HOU,45.2,22.6,1st quarter,2:33.0,Cuttino Mobley,HOU,False,3-pointer,28,17-13,'HOU',leads
404,404,404,200401170HOU,6.9,19.3,1st quarter,2:28.0,Steve Francis,HOU,True,2-pointer,22,19-13,'HOU',leads
405,405,405,200401170HOU,24.0,5.0,1st quarter,1:15.0,Maurice Taylor,HOU,True,2-pointer,0,21-13,'HOU',leads
406,406,406,200401170HOU,24.0,5.0,1st quarter,0:31.9,Boštjan Nachbar,HOU,False,2-pointer,0,21-13,'HOU',leads
407,407,407,200401170HOU,24.0,5.0,1st quarter,0:06.8,Kelvin Cato,HOU,True,2-pointer,0,23-13,'HOU',leads
408,408,408,200401170HOU,23.8,13.4,2nd quarter,11:39.0,Maurice Taylor,HOU,False,2-pointer,8,23-13,'HOU',leads
409,409,409,200401170HOU,24.0,5.0,2nd quarter,11:10.0,Kelvin Cato,HOU,False,2-pointer,0,23-13,'HOU',leads
410,410,410,200401170HOU,14.8,18.5,2nd quarter,10:14.0,Steve Francis,HOU,True,2-pointer,16,25-13,'HOU',leads
411,411,411,200401170HOU,37.1,11.9,2nd quarter,9:46.0,Kelvin Cato,HOU,True,2-pointer,15,27-13,'HOU',leads
412,412,412,200401170HOU,8.2,7.0,2nd quarter,9:03.0,Steve Francis,HOU,False,2-pointer,16,27-13,'HOU',leads
413,413,413,200401170HOU,16.1,8.8,2nd quarter,8:26.0,Yao Ming,HOU,True,2-pointer,9,29-13,'HOU',leads
414,414,414,200401170HOU,24.0,5.0,2nd quarter,7:55.0,Yao Ming,HOU,True,2-pointer,0,31-13,'HOU',leads
415,415,415,200401170HOU,24.0,5.0,2nd quarter,6:46.0,Cuttino Mobley,HOU,True,2-pointer,0,34-15,'HOU',leads
416,416,416,200401170HOU,32.0,17.0,2nd quarter,6:08.0,Yao Ming,HOU,True,2-pointer,14,36-16,'HOU',leads
417,417,417,200401170HOU,24.0,5.0,2nd quarter,5:37.0,Yao Ming,HOU,False,2-pointer,0,37-16,'HOU',leads
418,418,418,200401170HOU,11.4,13.6,2nd quarter,5:09.0,Maurice Taylor,HOU,True,2-pointer,15,39-16,'HOU',leads
419,419,419,200401170HOU,24.0,5.0,2nd quarter,4:27.0,Steve Francis,HOU,False,2-pointer,0,39-16,'HOU',leads
420,420,420,200401170HOU,40.9,7.3,2nd quarter,3:03.0,Jim Jackson,HOU,False,2-pointer,17,39-16,'HOU',leads
421,421,421,200401170HOU,36.0,15.0,2nd quarter,2:45.0,Maurice Taylor,HOU,False,2-pointer,16,39-16,'HOU',leads
422,422,422,200401170HOU,24.0,23.4,2nd quarter,1:37.0,Maurice Taylor,HOU,False,2-pointer,18,41-20,'HOU',leads
423,423,423,200401170HOU,23.2,14.7,2nd quarter,1:00.0,Cuttino Mobley,HOU,True,2-pointer,10,43-22,'HOU',leads
424,424,424,200401170HOU,24.0,5.0,2nd quarter,0:11.4,Maurice Taylor,HOU,True,2-pointer,0,45-26,'HOU',leads
425,425,425,200401170HOU,1.0,4.9,3rd quarter,11:43.0,Cuttino Mobley,HOU,False,3-pointer,23,45-26,'HOU',leads
426,426,426,200401170HOU,24.0,5.0,3rd quarter,11:28.0,Cuttino Mobley,HOU,True,2-pointer,0,47-26,'HOU',leads
427,427,427,200401170HOU,1.2,7.0,3rd quarter,10:59.0,Cuttino Mobley,HOU,True,3-pointer,23,50-26,'HOU',leads
428,428,428,200401170HOU,24.0,5.0,3rd quarter,10:32.0,Steve Francis,HOU,True,2-pointer,0,52-26,'HOU',leads
429,429,429,200401170HOU,13.0,13.6,3rd quarter,9:16.0,Cuttino Mobley,HOU,False,2-pointer,14,53-28,'HOU',leads
430,430,430,200401170HOU,31.5,8.6,3rd quarter,8:45.0,Jim Jackson,HOU,True,2-pointer,8,55-29,'HOU',leads
431,431,431,200401170HOU,47.5,4.7,3rd quarter,7:39.0,Jim Jackson,HOU,True,3-pointer,24,59-31,'HOU',leads
432,432,432,200401170HOU,24.8,28.3,3rd quarter,7:14.0,Cuttino Mobley,HOU,False,2-pointer,23,59-31,'HOU',leads
433,433,433,200401170HOU,24.0,5.0,3rd quarter,6:18.0,Yao Ming,HOU,False,2-pointer,0,59-33,'HOU',leads
434,434,434,200401170HOU,1.0,9.9,3rd quarter,5:39.0,Jim Jackson,HOU,False,3-pointer,24,59-33,'HOU',leads
435,435,435,200401170HOU,24.0,5.0,3rd quarter,4:34.0,Steve Francis,HOU,False,2-pointer,0,59-36,'HOU',leads
436,436,436,200401170HOU,24.0,5.0,3rd quarter,4:30.0,Kelvin Cato,HOU,True,2-pointer,0,61-36,'HOU',leads
437,437,437,200401170HOU,12.5,7.3,3rd quarter,4:01.0,Yao Ming,HOU,False,2-pointer,12,61-36,'HOU',leads
438,438,438,200401170HOU,24.0,5.0,3rd quarter,3:57.0,Kelvin Cato,HOU,True,2-pointer,0,63-36,'HOU',leads
439,439,439,200401170HOU,36.1,15.0,3rd quarter,3:19.0,Steve Francis,HOU,False,2-pointer,16,63-38,'HOU',leads
440,440,440,200401170HOU,14.0,8.0,3rd quarter,2:31.0,Cuttino Mobley,HOU,False,2-pointer,10,63-38,'HOU',leads
441,441,441,200401170HOU,9.4,25.9,3rd quarter,2:25.0,Steve Francis,HOU,False,3-pointer,25,63-38,'HOU',leads
442,442,442,200401170HOU,44.0,22.8,3rd quarter,1:31.0,Jim Jackson,HOU,True,3-pointer,27,68-38,'HOU',leads
443,443,443,200401170HOU,37.5,15.4,3rd quarter,0:01.0,Cuttino Mobley,HOU,False,2-pointer,17,68-45,'HOU',leads
444,444,444,200401170HOU,24.8,10.6,4th quarter,11:22.0,Yao Ming,HOU,True,2-pointer,6,70-45,'HOU',leads
445,445,445,200401170HOU,24.0,5.0,4th quarter,11:00.0,Steve Francis,HOU,False,2-pointer,0,70-47,'HOU',leads
446,446,446,200401170HOU,31.9,19.6,4th quarter,9:40.0,Yao Ming,HOU,False,2-pointer,17,71-52,'HOU',leads
447,447,447,200401170HOU,3.6,19.6,4th quarter,9:35.0,Cuttino Mobley,HOU,False,3-pointer,25,71-52,'HOU',leads
448,448,448,200401170HOU,11.5,10.6,4th quarter,8:53.0,Steve Francis,HOU,True,2-pointer,14,75-54,'HOU',leads
449,449,449,200401170HOU,14.8,18.8,4th quarter,8:17.0,Yao Ming,HOU,False,2-pointer,17,75-54,'HOU',leads
450,450,450,200401170HOU,24.0,5.0,4th quarter,8:15.0,Yao Ming,HOU,True,2-pointer,0,77-54,'HOU',leads
451,451,451,200401170HOU,13.3,22.1,4th quarter,7:45.0,Yao Ming,HOU,False,2-pointer,20,78-56,'HOU',leads
452,452,452,200401170HOU,24.0,5.0,4th quarter,7:10.0,Cuttino Mobley,HOU,True,2-pointer,0,80-57,'HOU',leads
453,453,453,200401170HOU,47.5,5.3,4th quarter,5:53.0,Cuttino Mobley,HOU,False,3-pointer,24,82-60,'HOU',leads
454,454,454,200401170HOU,19.1,9.8,4th quarter,5:20.0,Yao Ming,HOU,True,2-pointer,7,84-63,'HOU',leads
455,455,455,200401170HOU,5.9,7.2,4th quarter,4:35.0,Maurice Taylor,HOU,False,2-pointer,18,84-66,'HOU',leads
456,456,456,200401170HOU,17.8,20.5,4th quarter,4:06.0,Maurice Taylor,HOU,True,2-pointer,17,86-66,'HOU',leads
457,457,457,200401170HOU,24.8,12.2,4th quarter,3:10.0,Yao Ming,HOU,False,2-pointer,7,86-71,'HOU',leads
458,458,458,200401170HOU,8.4,11.4,4th quarter,1:02.0,Cuttino Mobley,HOU,False,2-pointer,17,92-73,'HOU',leads
459,459,459,200401170HOU,12.5,26.9,4th quarter,0:33.0,Mike Wilks,HOU,True,3-pointer,25,95-73,'HOU',leads
460,460,460,200401170LAL,14.5,23.1,1st quarter,11:27.0,Corey Maggette,LAC,False,2-pointer,20,0-2,'LAL',trails
461,461,461,200401170LAL,24.0,5.0,1st quarter,10:31.0,Chris Kaman,LAC,True,2-pointer,0,3-4,'LAL',trails
462,462,462,200401170LAL,24.0,5.0,1st quarter,9:34.0,Eddie House,LAC,False,2-pointer,0,3-7,'LAL',trails
463,463,463,200401170LAL,18.6,11.6,1st quarter,9:08.0,Elton Brand,LAC,True,2-pointer,9,5-7,'LAL',trails
464,464,464,200401170LAL,15.5,24.9,1st quarter,8:45.0,Marko Jarić,LAC,False,2-pointer,22,5-9,'LAL',trails
465,465,465,200401170LAL,24.0,5.0,1st quarter,8:36.0,Chris Kaman,LAC,True,2-pointer,0,7-9,'LAL',trails
466,466,466,200401170LAL,36.5,28.0,1st quarter,7:08.0,Marko Jarić,LAC,False,3-pointer,26,7-9,'LAL',trails
467,467,467,200401170LAL,17.1,12.1,1st quarter,6:27.0,Elton Brand,LAC,True,2-pointer,10,9-11,'LAL',trails
468,468,468,200401170LAL,24.0,5.0,1st quarter,5:59.0,Elton Brand,LAC,True,2-pointer,0,11-11,'LAL',tied
469,469,469,200401170LAL,23.8,21.1,1st quarter,5:19.0,Chris Kaman,LAC,False,2-pointer,16,11-13,'LAL',trails
470,470,470,200401170LAL,33.0,24.6,1st quarter,4:49.0,Eddie House,LAC,True,2-pointer,22,13-13,'LAL',tied
471,471,471,200401170LAL,23.0,17.2,1st quarter,3:45.0,Corey Maggette,LAC,True,2-pointer,12,15-13,'LAL',leads
472,472,472,200401170LAL,30.4,24.2,1st quarter,3:18.0,Marko Jarić,LAC,True,2-pointer,20,17-13,'LAL',leads
473,473,473,200401170LAL,24.0,5.0,1st quarter,2:49.0,Elton Brand,LAC,True,2-pointer,0,19-15,'LAL',leads
474,474,474,200401170LAL,24.0,5.0,1st quarter,2:27.0,Corey Maggette,LAC,True,2-pointer,0,22-15,'LAL',leads
475,475,475,200401170LAL,32.4,25.2,1st quarter,1:52.0,Corey Maggette,LAC,False,2-pointer,22,22-15,'LAL',leads
476,476,476,200401170LAL,12.8,13.7,1st quarter,1:42.0,Elton Brand,LAC,True,2-pointer,14,24-15,'LAL',leads
477,477,477,200401170LAL,29.6,13.1,1st quarter,1:11.0,Chris Kaman,LAC,False,2-pointer,10,24-15,'LAL',leads
478,478,478,200401170LAL,26.3,17.2,1st quarter,0:44.9,Elton Brand,LAC,False,2-pointer,12,26-15,'LAL',leads
479,479,479,200401170LAL,24.0,5.0,1st quarter,0:44.3,Predrag Drobnjak,LAC,True,2-pointer,0,28-15,'LAL',leads
480,480,480,200401170LAL,22.0,9.6,2nd quarter,11:38.0,Keyon Dooling,LAC,False,2-pointer,5,30-17,'LAL',leads
481,481,481,200401170LAL,27.1,9.5,2nd quarter,11:09.0,Corey Maggette,LAC,False,2-pointer,5,30-19,'LAL',leads
482,482,482,200401170LAL,29.4,11.6,2nd quarter,11:03.0,Elton Brand,LAC,True,2-pointer,9,32-19,'LAL',leads
483,483,483,200401170LAL,14.0,14.7,2nd quarter,10:23.0,Elton Brand,LAC,False,2-pointer,14,32-19,'LAL',leads
484,484,484,200401170LAL,11.8,22.4,2nd quarter,10:02.0,Corey Maggette,LAC,True,2-pointer,21,34-21,'LAL',leads
485,485,485,200401170LAL,25.3,9.6,2nd quarter,9:31.0,Predrag Drobnjak,LAC,False,2-pointer,5,34-23,'LAL',leads
486,486,486,200401170LAL,35.3,28.8,2nd quarter,8:58.0,Corey Maggette,LAC,False,3-pointer,26,34-23,'LAL',leads
487,487,487,200401170LAL,24.0,5.0,2nd quarter,7:45.0,Predrag Drobnjak,LAC,False,2-pointer,0,34-25,'LAL',leads
488,488,488,200401170LAL,24.0,5.0,2nd quarter,7:44.0,Chris Kaman,LAC,True,2-pointer,0,36-25,'LAL',leads
489,489,489,200401170LAL,35.0,16.8,2nd quarter,7:08.0,Keyon Dooling,LAC,True,2-pointer,16,38-27,'LAL',leads
490,490,490,200401170LAL,25.5,20.1,2nd quarter,6:40.0,Doug Overton,LAC,True,2-pointer,15,40-27,'LAL',leads
491,491,491,200401170LAL,33.8,23.1,2nd quarter,6:14.0,Keyon Dooling,LAC,False,2-pointer,21,40-28,'LAL',leads
492,492,492,200401170LAL,13.0,21.3,2nd quarter,5:03.0,Predrag Drobnjak,LAC,False,2-pointer,20,40-30,'LAL',leads
493,493,493,200401170LAL,34.3,28.5,2nd quarter,3:46.0,Corey Maggette,LAC,False,3-pointer,26,40-34,'LAL',leads
494,494,494,200401170LAL,41.4,22.1,2nd quarter,3:20.0,Keyon Dooling,LAC,False,3-pointer,24,40-34,'LAL',leads
495,495,495,200401170LAL,24.0,5.0,2nd quarter,3:03.0,Corey Maggette,LAC,False,2-pointer,0,40-34,'LAL',leads
496,496,496,200401170LAL,37.1,27.9,2nd quarter,1:27.0,Corey Maggette,LAC,False,3-pointer,26,44-39,'LAL',leads
497,497,497,200401170LAL,17.4,29.7,2nd quarter,0:42.9,Keyon Dooling,LAC,False,3-pointer,26,44-41,'LAL',leads
498,498,498,200401170LAL,10.5,17.2,3rd quarter,11:45.0,Eddie House,LAC,False,2-pointer,18,44-43,'LAL',leads
499,499,499,200401170LAL,26.3,15.0,3rd quarter,11:04.0,Elton Brand,LAC,False,2-pointer,10,44-45,'LAL',trails
500,500,500,200401170LAL,24.0,5.0,3rd quarter,9:54.0,Marko Jarić,LAC,False,2-pointer,0,45-47,'LAL',trails
501,501,501,200401170LAL,24.0,5.0,3rd quarter,9:51.0,Marko Jarić,LAC,False,2-pointer,0,45-47,'LAL',trails
502,502,502,200401170LAL,24.0,5.0,3rd quarter,9:49.0,Marko Jarić,LAC,False,2-pointer,0,45-47,'LAL',trails
503,503,503,200401170LAL,41.2,21.6,3rd quarter,9:14.0,Eddie House,LAC,False,3-pointer,24,45-50,'LAL',trails
504,504,504,200401170LAL,7.7,23.9,3rd quarter,8:55.0,Corey Maggette,LAC,False,3-pointer,25,45-50,'LAL',trails
505,505,505,200401170LAL,36.0,15.0,3rd quarter,8:16.0,Elton Brand,LAC,False,2-pointer,16,45-51,'LAL',trails
506,506,506,200401170LAL,24.0,5.0,3rd quarter,8:01.0,Corey Maggette,LAC,True,2-pointer,0,47-53,'LAL',trails
507,507,507,200401170LAL,24.0,5.0,3rd quarter,7:27.0,Corey Maggette,LAC,True,2-pointer,0,50-53,'LAL',trails
508,508,508,200401170LAL,16.5,28.0,3rd quarter,6:51.0,Eddie House,LAC,False,3-pointer,24,50-55,'LAL',trails
509,509,509,200401170LAL,26.4,13.6,3rd quarter,6:25.0,Corey Maggette,LAC,False,2-pointer,9,50-57,'LAL',trails
510,510,510,200401170LAL,29.7,24.1,3rd quarter,6:18.0,Corey Maggette,LAC,False,2-pointer,20,50-57,'LAL',trails
511,511,511,200401170LAL,24.0,5.0,3rd quarter,6:12.0,Elton Brand,LAC,True,2-pointer,0,52-57,'LAL',trails
512,512,512,200401170LAL,27.9,13.9,3rd quarter,5:49.0,Eddie House,LAC,False,2-pointer,10,52-57,'LAL',trails
513,513,513,200401170LAL,24.0,5.0,3rd quarter,5:47.0,Elton Brand,LAC,True,2-pointer,0,54-57,'LAL',trails
514,514,514,200401170LAL,30.7,18.3,3rd quarter,5:07.0,Corey Maggette,LAC,False,2-pointer,15,54-57,'LAL',trails
515,515,515,200401170LAL,8.7,6.0,3rd quarter,4:32.0,Elton Brand,LAC,False,2-pointer,15,54-57,'LAL',trails
516,516,516,200401170LAL,22.4,13.4,3rd quarter,4:13.0,Elton Brand,LAC,True,2-pointer,9,56-57,'LAL',trails
517,517,517,200401170LAL,8.6,19.1,3rd quarter,3:49.0,Doug Overton,LAC,False,2-pointer,21,56-57,'LAL',trails
518,518,518,200401170LAL,24.0,5.0,3rd quarter,2:42.0,Chris Kaman,LAC,False,2-pointer,0,56-59,'LAL',trails
519,519,519,200401170LAL,2.8,19.0,3rd quarter,2:33.0,Corey Maggette,LAC,False,3-pointer,25,56-59,'LAL',trails
520,520,520,200401170LAL,24.0,5.0,3rd quarter,2:16.0,Eddie House,LAC,False,2-pointer,0,56-59,'LAL',trails
521,521,521,200401170LAL,24.0,5.0,3rd quarter,2:12.0,Corey Maggette,LAC,True,2-pointer,0,58-59,'LAL',trails
522,522,522,200401170LAL,24.0,5.0,3rd quarter,1:57.0,Eddie House,LAC,True,2-pointer,0,60-59,'LAL',leads
523,523,523,200401170LAL,34.5,22.1,3rd quarter,1:15.0,Predrag Drobnjak,LAC,False,2-pointer,20,60-61,'LAL',trails
524,524,524,200401170LAL,19.1,13.9,3rd quarter,1:05.0,Chris Kaman,LAC,False,2-pointer,10,60-61,'LAL',trails
525,525,525,200401170LAL,20.7,7.6,3rd quarter,0:29.9,Predrag Drobnjak,LAC,False,2-pointer,4,60-63,'LAL',trails
526,526,526,200401170LAL,18.4,31.3,4th quarter,11:10.0,Marko Jarić,LAC,True,3-pointer,27,63-69,'LAL',trails
527,527,527,200401170LAL,16.5,8.8,4th quarter,10:17.0,Elton Brand,LAC,False,2-pointer,8,63-71,'LAL',trails
528,528,528,200401170LAL,25.3,8.0,4th quarter,9:42.0,Elton Brand,LAC,False,2-pointer,3,63-71,'LAL',trails
529,529,529,200401170LAL,23.5,14.1,4th quarter,9:39.0,Elton Brand,LAC,False,2-pointer,9,63-71,'LAL',trails
530,530,530,200401170LAL,38.1,16.4,4th quarter,9:20.0,Marko Jarić,LAC,False,2-pointer,18,63-71,'LAL',trails
531,531,531,200401170LAL,12.3,28.3,4th quarter,9:15.0,Predrag Drobnjak,LAC,False,3-pointer,26,63-71,'LAL',trails
532,532,532,200401170LAL,24.0,5.0,4th quarter,7:44.0,Elton Brand,LAC,True,2-pointer,0,65-72,'LAL',trails
533,533,533,200401170LAL,27.9,9.0,4th quarter,4:51.0,Elton Brand,LAC,True,2-pointer,6,70-79,'LAL',trails
534,534,534,200401170LAL,24.0,5.0,4th quarter,4:24.0,Corey Maggette,LAC,False,2-pointer,0,70-81,'LAL',trails
535,535,535,200401170LAL,27.4,31.5,4th quarter,3:55.0,Eddie House,LAC,True,3-pointer,27,75-82,'LAL',trails
536,536,536,200401170LAL,38.8,18.5,4th quarter,3:35.0,Marko Jarić,LAC,True,2-pointer,20,77-82,'LAL',trails
537,537,537,200401170LAL,21.2,30.5,4th quarter,3:21.0,Marko Jarić,LAC,True,3-pointer,26,80-83,'LAL',trails
538,538,538,200401170LAL,24.5,7.8,4th quarter,2:36.0,Keyon Dooling,LAC,False,2-pointer,3,80-85,'LAL',trails
539,539,539,200401170LAL,24.0,5.0,4th quarter,2:34.0,Elton Brand,LAC,False,2-pointer,0,80-85,'LAL',trails
540,540,540,200401170LAL,10.9,17.5,4th quarter,2:26.0,Marko Jarić,LAC,False,2-pointer,18,80-85,'LAL',trails
541,541,541,200401170LAL,29.7,16.7,4th quarter,0:59.0,Marko Jarić,LAC,True,2-pointer,13,87-91,'LAL',trails
542,542,542,200401170LAL,24.0,5.0,4th quarter,0:43.6,Marko Jarić,LAC,True,2-pointer,0,89-91,'LAL',trails
543,543,543,200401170LAL,36.5,28.5,4th quarter,0:00.9,Keyon Dooling,LAC,False,3-pointer,27,89-91,'LAL',trails
544,544,544,200401170LAL,32.5,20.8,1st quarter,11:45.0,Kareem Rush,LAL,True,2-pointer,18,2-0,'LAL',leads
545,545,545,200401170LAL,11.5,6.3,1st quarter,11:15.0,Gary Payton,LAL,False,2-pointer,13,2-0,'LAL',leads
546,546,546,200401170LAL,24.6,9.6,1st quarter,10:48.0,Jamal Sampson,LAL,True,2-pointer,5,4-1,'LAL',leads
547,547,547,200401170LAL,26.4,10.6,1st quarter,10:13.0,Gary Payton,LAL,False,2-pointer,6,4-3,'LAL',leads
548,548,548,200401170LAL,17.4,13.6,1st quarter,9:54.0,Jamal Sampson,LAL,True,2-pointer,11,7-3,'LAL',leads
549,549,549,200401170LAL,24.0,5.0,1st quarter,9:25.0,Jamal Sampson,LAL,False,2-pointer,0,7-3,'LAL',leads
550,550,550,200401170LAL,24.0,5.0,1st quarter,9:23.0,Jamal Sampson,LAL,False,2-pointer,0,7-3,'LAL',leads
551,551,551,200401170LAL,24.0,5.0,1st quarter,8:55.0,Gary Payton,LAL,True,2-pointer,0,9-5,'LAL',leads
552,552,552,200401170LAL,7.6,3.2,1st quarter,8:20.0,Stanislav Medvedenko,LAL,False,2-pointer,17,9-7,'LAL',leads
553,553,553,200401170LAL,25.6,20.1,1st quarter,8:09.0,Kareem Rush,LAL,False,2-pointer,15,9-7,'LAL',leads
554,554,554,200401170LAL,17.9,18.7,1st quarter,7:54.0,Jamal Sampson,LAL,False,2-pointer,15,9-7,'LAL',leads
555,555,555,200401170LAL,17.6,29.0,1st quarter,6:57.0,Devean George,LAL,False,3-pointer,25,9-7,'LAL',leads
556,556,556,200401170LAL,28.9,20.3,1st quarter,6:39.0,Devean George,LAL,True,2-pointer,16,11-7,'LAL',leads
557,557,557,200401170LAL,10.4,5.0,1st quarter,6:07.0,Stanislav Medvedenko,LAL,False,2-pointer,14,11-9,'LAL',leads
558,558,558,200401170LAL,8.6,2.9,1st quarter,5:35.0,Gary Payton,LAL,True,2-pointer,16,13-11,'LAL',leads
559,559,559,200401170LAL,24.1,10.9,1st quarter,5:09.0,Gary Payton,LAL,False,2-pointer,6,13-11,'LAL',leads
560,560,560,200401170LAL,26.8,13.6,1st quarter,5:00.0,Kareem Rush,LAL,False,2-pointer,9,13-11,'LAL',leads
561,561,561,200401170LAL,13.7,21.0,1st quarter,4:28.0,Stanislav Medvedenko,LAL,False,2-pointer,19,13-13,'LAL',tied
562,562,562,200401170LAL,4.9,5.0,1st quarter,3:58.0,Stanislav Medvedenko,LAL,False,2-pointer,19,13-13,'LAL',tied
563,563,563,200401170LAL,23.7,12.6,1st quarter,3:05.0,Stanislav Medvedenko,LAL,True,2-pointer,8,15-17,'LAL',trails
564,564,564,200401170LAL,24.0,5.0,1st quarter,2:05.0,Luke Walton,LAL,False,2-pointer,0,15-22,'LAL',trails
565,565,565,200401170LAL,25.1,20.1,1st quarter,1:24.0,Derek Fisher,LAL,False,2-pointer,15,15-24,'LAL',trails
566,566,566,200401170LAL,24.0,12.9,1st quarter,0:55.9,Luke Walton,LAL,False,2-pointer,8,15-26,'LAL',trails
567,567,567,200401170LAL,24.0,5.0,1st quarter,0:29.1,Luke Walton,LAL,True,2-pointer,0,17-28,'LAL',trails
568,568,568,200401170LAL,24.3,9.6,1st quarter,0:01.0,Gary Payton,LAL,False,2-pointer,5,17-30,'LAL',trails
569,569,569,200401170LAL,29.2,13.6,2nd quarter,11:25.0,Stanislav Medvedenko,LAL,True,2-pointer,10,19-30,'LAL',trails
570,570,570,200401170LAL,34.3,11.9,2nd quarter,10:47.0,Brian Cook,LAL,False,2-pointer,12,19-32,'LAL',trails
571,571,571,200401170LAL,24.0,5.0,2nd quarter,10:17.0,Stanislav Medvedenko,LAL,True,2-pointer,0,21-32,'LAL',trails
572,572,572,200401170LAL,24.0,5.0,2nd quarter,9:45.0,Bryon Russell,LAL,False,2-pointer,0,21-34,'LAL',trails
573,573,573,200401170LAL,42.6,9.9,2nd quarter,9:22.0,Bryon Russell,LAL,False,2-pointer,19,23-34,'LAL',trails
574,574,574,200401170LAL,24.0,5.0,2nd quarter,9:04.0,Kareem Rush,LAL,False,2-pointer,0,23-34,'LAL',trails
575,575,575,200401170LAL,24.0,5.0,2nd quarter,8:46.0,Brian Cook,LAL,True,2-pointer,0,25-34,'LAL',trails
576,576,576,200401170LAL,24.0,5.0,2nd quarter,8:17.0,Derek Fisher,LAL,False,2-pointer,0,25-34,'LAL',trails
577,577,577,200401170LAL,40.6,26.2,2nd quarter,7:54.0,Derek Fisher,LAL,False,3-pointer,27,25-34,'LAL',trails
578,578,578,200401170LAL,24.0,5.0,2nd quarter,7:20.0,Stanislav Medvedenko,LAL,True,2-pointer,0,27-36,'LAL',trails
579,579,579,200401170LAL,36.0,19.3,2nd quarter,6:48.0,Kareem Rush,LAL,False,2-pointer,19,27-38,'LAL',trails
580,580,580,200401170LAL,24.0,5.0,2nd quarter,5:58.0,Derek Fisher,LAL,True,2-pointer,0,30-40,'LAL',trails
581,581,581,200401170LAL,33.2,25.1,2nd quarter,5:18.0,Devean George,LAL,False,2-pointer,22,30-40,'LAL',trails
582,582,582,200401170LAL,33.0,20.6,2nd quarter,4:43.0,Devean George,LAL,True,2-pointer,18,32-40,'LAL',trails
583,583,583,200401170LAL,26.0,31.6,2nd quarter,4:09.0,Gary Payton,LAL,False,3-pointer,27,32-40,'LAL',trails
584,584,584,200401170LAL,24.0,5.0,2nd quarter,4:07.0,Stanislav Medvedenko,LAL,True,2-pointer,0,34-40,'LAL',trails
585,585,585,200401170LAL,26.8,10.4,2nd quarter,3:33.0,Gary Payton,LAL,False,2-pointer,6,34-40,'LAL',trails
586,586,586,200401170LAL,24.0,5.0,2nd quarter,3:10.0,Stanislav Medvedenko,LAL,False,2-pointer,0,34-40,'LAL',trails
587,587,587,200401170LAL,39.9,26.5,2nd quarter,2:46.0,Kareem Rush,LAL,True,3-pointer,27,38-40,'LAL',trails
588,588,588,200401170LAL,24.0,5.0,2nd quarter,2:06.0,Gary Payton,LAL,False,2-pointer,0,38-42,'LAL',trails
589,589,589,200401170LAL,24.0,5.0,2nd quarter,2:06.0,Jamal Sampson,LAL,False,2-pointer,0,38-42,'LAL',trails
590,590,590,200401170LAL,23.5,30.7,2nd quarter,1:42.0,Kareem Rush,LAL,False,3-pointer,26,39-44,'LAL',trails
591,591,591,200401170LAL,34.0,12.1,2nd quarter,1:08.0,Brian Cook,LAL,True,2-pointer,12,41-44,'LAL',trails
592,592,592,200401170LAL,24.0,5.0,2nd quarter,0:27.1,Brian Cook,LAL,True,2-pointer,0,43-44,'LAL',trails
593,593,593,200401170LAL,27.4,12.4,2nd quarter,0:01.9,Gary Payton,LAL,False,2-pointer,8,43-44,'LAL',trails
594,594,594,200401170LAL,38.6,6.5,3rd quarter,11:27.0,Stanislav Medvedenko,LAL,True,2-pointer,15,45-44,'LAL',leads
595,595,595,200401170LAL,24.0,5.0,3rd quarter,10:41.0,Devean George,LAL,False,2-pointer,0,45-44,'LAL',leads
596,596,596,200401170LAL,24.6,14.1,3rd quarter,10:06.0,Jamal Sampson,LAL,True,2-pointer,9,47-45,'LAL',leads
597,597,597,200401170LAL,23.7,30.3,3rd quarter,9:39.0,Kareem Rush,LAL,True,3-pointer,25,50-45,'LAL',leads
598,598,598,200401170LAL,24.5,11.6,3rd quarter,8:28.0,Gary Payton,LAL,False,2-pointer,7,51-45,'LAL',leads
599,599,599,200401170LAL,24.0,5.0,3rd quarter,8:08.0,Devean George,LAL,True,2-pointer,0,53-45,'LAL',leads
600,600,600,200401170LAL,12.7,23.3,3rd quarter,7:34.0,Jamal Sampson,LAL,False,2-pointer,22,53-48,'LAL',leads
601,601,601,200401170LAL,24.0,5.0,3rd quarter,7:09.0,Gary Payton,LAL,True,2-pointer,0,55-50,'LAL',leads
602,602,602,200401170LAL,32.9,21.9,3rd quarter,6:38.0,Stanislav Medvedenko,LAL,True,2-pointer,19,57-50,'LAL',leads
603,603,603,200401170LAL,23.7,16.7,3rd quarter,4:47.0,Devean George,LAL,False,2-pointer,12,57-54,'LAL',leads
604,604,604,200401170LAL,28.7,11.6,3rd quarter,4:02.0,Stanislav Medvedenko,LAL,False,2-pointer,8,57-56,'LAL',leads
605,605,605,200401170LAL,24.0,5.0,3rd quarter,3:39.0,Gary Payton,LAL,True,2-pointer,0,59-56,'LAL',leads
606,606,606,200401170LAL,46.7,5.3,3rd quarter,2:57.0,Kareem Rush,LAL,False,3-pointer,23,59-56,'LAL',leads
607,607,607,200401170LAL,24.0,5.0,3rd quarter,1:34.0,Gary Payton,LAL,True,2-pointer,0,61-60,'LAL',leads
608,608,608,200401170LAL,24.6,22.1,3rd quarter,0:50.7,Stanislav Medvedenko,LAL,True,2-pointer,17,63-60,'LAL',leads
609,609,609,200401170LAL,46.2,17.0,3rd quarter,0:02.3,Derek Fisher,LAL,True,3-pointer,25,66-60,'LAL',leads
610,610,610,200401170LAL,11.2,28.7,4th quarter,11:41.0,Derek Fisher,LAL,True,3-pointer,27,69-60,'LAL',leads
611,611,611,200401170LAL,23.5,15.5,4th quarter,10:38.0,Jamal Sampson,LAL,True,2-pointer,11,71-63,'LAL',leads
612,612,612,200401170LAL,26.4,10.8,4th quarter,9:55.0,Gary Payton,LAL,False,2-pointer,6,71-63,'LAL',leads
613,613,613,200401170LAL,14.8,24.2,4th quarter,9:33.0,Derek Fisher,LAL,False,2-pointer,21,71-63,'LAL',leads
614,614,614,200401170LAL,32.4,26.2,4th quarter,8:51.0,Gary Payton,LAL,False,2-pointer,23,71-63,'LAL',leads
615,615,615,200401170LAL,6.8,3.9,4th quarter,8:00.0,Derek Fisher,LAL,False,2-pointer,17,71-63,'LAL',leads
616,616,616,200401170LAL,24.0,5.0,4th quarter,7:25.0,Stanislav Medvedenko,LAL,False,2-pointer,0,72-65,'LAL',leads
617,617,617,200401170LAL,20.4,9.6,4th quarter,6:44.0,Kareem Rush,LAL,True,2-pointer,6,74-65,'LAL',leads
618,618,618,200401170LAL,12.0,21.8,4th quarter,6:12.0,Kareem Rush,LAL,False,2-pointer,21,74-65,'LAL',leads
619,619,619,200401170LAL,23.4,31.6,4th quarter,5:32.0,Derek Fisher,LAL,True,3-pointer,27,77-67,'LAL',leads
620,620,620,200401170LAL,32.5,21.0,4th quarter,5:02.0,Devean George,LAL,True,2-pointer,18,79-68,'LAL',leads
621,621,621,200401170LAL,22.9,6.7,4th quarter,4:32.0,Gary Payton,LAL,True,2-pointer,2,81-70,'LAL',leads
622,622,622,200401170LAL,24.0,5.0,4th quarter,3:41.0,Brian Cook,LAL,False,2-pointer,0,82-75,'LAL',leads
623,623,623,200401170LAL,13.8,20.6,4th quarter,2:07.0,Stanislav Medvedenko,LAL,True,2-pointer,19,87-82,'LAL',leads
624,624,624,200401170LAL,24.0,5.0,4th quarter,1:46.0,Gary Payton,LAL,True,2-pointer,0,89-82,'LAL',leads
625,625,625,200401170LAL,24.0,5.0,4th quarter,1:06.0,Bryon Russell,LAL,True,2-pointer,0,91-85,'LAL',leads
626,626,626,200401170LAL,24.0,5.0,4th quarter,0:51.9,Devean George,LAL,False,2-pointer,0,91-87,'LAL',leads
627,627,627,200401170LAL,7.4,4.5,4th quarter,0:21.9,Gary Payton,LAL,False,2-pointer,17,91-89,'LAL',leads
628,628,628,200401170MIL,36.3,2.9,1st quarter,11:05.0,Ben Wallace,DET,False,2-pointer,12,0-0,'DET',tied
629,629,629,200401170MIL,24.0,5.0,1st quarter,10:42.0,Ben Wallace,DET,False,2-pointer,0,0-0,'DET',tied
630,630,630,200401170MIL,30.7,16.0,1st quarter,9:59.0,Tayshaun Prince,DET,False,2-pointer,13,0-2,'DET',trails
631,631,631,200401170MIL,31.4,20.1,1st quarter,8:31.0,Chauncey Billups,DET,True,2-pointer,17,2-4,'DET',trails
632,632,632,200401170MIL,24.0,5.0,1st quarter,8:05.0,Chauncey Billups,DET,False,2-pointer,0,2-4,'DET',trails
633,633,633,200401170MIL,24.0,5.0,1st quarter,6:33.0,Mehmet Okur,DET,False,2-pointer,0,6-6,'DET',tied
634,634,634,200401170MIL,36.4,21.8,1st quarter,5:53.0,Chauncey Billups,DET,True,2-pointer,21,8-6,'DET',leads
635,635,635,200401170MIL,24.0,5.0,1st quarter,5:28.0,Ben Wallace,DET,True,2-pointer,0,10-6,'DET',leads
636,636,636,200401170MIL,7.1,11.9,1st quarter,4:54.0,Tayshaun Prince,DET,False,2-pointer,18,10-7,'DET',leads
637,637,637,200401170MIL,10.9,3.2,1st quarter,4:08.0,Richard Hamilton,DET,True,2-pointer,13,14-7,'DET',leads
638,638,638,200401170MIL,8.2,3.1,1st quarter,3:34.0,Richard Hamilton,DET,False,2-pointer,16,14-9,'DET',leads
639,639,639,200401170MIL,24.0,5.0,1st quarter,3:02.0,Elden Campbell,DET,True,2-pointer,0,16-11,'DET',leads
640,640,640,200401170MIL,24.0,5.0,1st quarter,2:34.0,Richard Hamilton,DET,True,2-pointer,0,18-11,'DET',leads
641,641,641,200401170MIL,24.0,5.0,1st quarter,1:53.0,Richard Hamilton,DET,False,2-pointer,0,18-13,'DET',leads
642,642,642,200401170MIL,24.0,5.0,1st quarter,1:33.0,Richard Hamilton,DET,False,2-pointer,0,18-13,'DET',leads
643,643,643,200401170MIL,9.9,3.1,1st quarter,1:25.0,Chauncey Billups,DET,False,2-pointer,14,18-13,'DET',leads
644,644,644,200401170MIL,24.0,5.0,1st quarter,0:52.7,Ben Wallace,DET,True,2-pointer,0,20-15,'DET',leads
645,645,645,200401170MIL,27.4,25.1,1st quarter,0:07.5,Ben Wallace,DET,True,2-pointer,20,22-17,'DET',leads
646,646,646,200401170MIL,24.0,5.0,2nd quarter,11:36.0,Bob Sura,DET,False,2-pointer,0,22-17,'DET',leads
647,647,647,200401170MIL,33.2,10.8,2nd quarter,11:13.0,Elden Campbell,DET,True,2-pointer,11,24-17,'DET',leads
648,648,648,200401170MIL,16.1,7.6,2nd quarter,9:32.0,Corliss Williamson,DET,False,2-pointer,8,24-18,'DET',leads
649,649,649,200401170MIL,13.3,4.2,2nd quarter,8:56.0,Elden Campbell,DET,False,2-pointer,11,24-18,'DET',leads
650,650,650,200401170MIL,24.0,5.0,2nd quarter,8:25.0,Corliss Williamson,DET,True,2-pointer,0,26-21,'DET',leads
651,651,651,200401170MIL,24.0,5.0,2nd quarter,7:47.0,Corliss Williamson,DET,True,2-pointer,0,29-23,'DET',leads
652,652,652,200401170MIL,33.7,29.8,2nd quarter,6:46.0,Chucky Atkins,DET,False,3-pointer,27,29-24,'DET',leads
653,653,653,200401170MIL,4.3,3.2,2nd quarter,6:17.0,Chucky Atkins,DET,True,2-pointer,20,31-26,'DET',leads
654,654,654,200401170MIL,9.9,3.4,2nd quarter,5:49.0,Mehmet Okur,DET,True,2-pointer,14,33-26,'DET',leads
655,655,655,200401170MIL,15.1,20.3,2nd quarter,5:04.0,Chauncey Billups,DET,False,2-pointer,18,33-29,'DET',leads
656,656,656,200401170MIL,24.0,5.0,2nd quarter,4:29.0,Ben Wallace,DET,True,2-pointer,0,35-29,'DET',leads
657,657,657,200401170MIL,23.2,17.5,2nd quarter,3:55.0,Corliss Williamson,DET,False,2-pointer,13,35-31,'DET',leads
658,658,658,200401170MIL,10.0,2.6,2nd quarter,3:11.0,Richard Hamilton,DET,False,2-pointer,14,35-33,'DET',leads
659,659,659,200401170MIL,24.0,5.0,2nd quarter,2:47.0,Richard Hamilton,DET,True,2-pointer,0,37-35,'DET',leads
660,660,660,200401170MIL,24.0,5.0,2nd quarter,1:38.0,Ben Wallace,DET,True,2-pointer,0,39-37,'DET',leads
661,661,661,200401170MIL,24.0,5.0,2nd quarter,0:58.6,Chauncey Billups,DET,True,2-pointer,0,43-37,'DET',leads
662,662,662,200401170MIL,17.8,12.1,2nd quarter,0:03.0,Richard Hamilton,DET,True,2-pointer,9,47-39,'DET',leads
663,663,663,200401170MIL,28.6,6.2,3rd quarter,11:43.0,Richard Hamilton,DET,True,2-pointer,5,49-42,'DET',leads
664,664,664,200401170MIL,0.0,4.9,3rd quarter,11:11.0,Tayshaun Prince,DET,False,3-pointer,24,49-44,'DET',leads
665,665,665,200401170MIL,24.0,5.0,3rd quarter,10:15.0,Chauncey Billups,DET,True,2-pointer,0,51-46,'DET',leads
666,666,666,200401170MIL,12.8,3.2,3rd quarter,9:43.0,Richard Hamilton,DET,True,2-pointer,11,54-48,'DET',leads
667,667,667,200401170MIL,30.9,16.5,3rd quarter,8:50.0,Chauncey Billups,DET,False,2-pointer,13,54-50,'DET',leads
668,668,668,200401170MIL,24.0,5.0,3rd quarter,8:04.0,Tayshaun Prince,DET,False,2-pointer,0,54-50,'DET',leads
669,669,669,200401170MIL,24.0,5.0,3rd quarter,8:02.0,Tayshaun Prince,DET,True,2-pointer,0,56-50,'DET',leads
670,670,670,200401170MIL,24.0,5.0,3rd quarter,7:26.0,Richard Hamilton,DET,True,2-pointer,0,58-50,'DET',leads
671,671,671,200401170MIL,24.0,5.0,3rd quarter,6:46.0,Chauncey Billups,DET,False,2-pointer,0,58-50,'DET',leads
672,672,672,200401170MIL,24.0,5.0,3rd quarter,6:09.0,Ben Wallace,DET,False,2-pointer,0,58-50,'DET',leads
673,673,673,200401170MIL,34.0,5.7,3rd quarter,6:03.0,Mehmet Okur,DET,True,2-pointer,10,60-50,'DET',leads
674,674,674,200401170MIL,38.9,5.0,3rd quarter,5:23.0,Richard Hamilton,DET,False,2-pointer,15,60-53,'DET',leads
675,675,675,200401170MIL,24.0,5.0,3rd quarter,5:14.0,Tayshaun Prince,DET,True,2-pointer,0,62-53,'DET',leads
676,676,676,200401170MIL,22.5,7.6,3rd quarter,4:01.0,Tayshaun Prince,DET,True,2-pointer,3,64-57,'DET',leads
677,677,677,200401170MIL,24.0,5.0,3rd quarter,3:40.0,Richard Hamilton,DET,False,2-pointer,0,64-57,'DET',leads
678,678,678,200401170MIL,17.8,5.0,3rd quarter,3:27.0,Ben Wallace,DET,False,2-pointer,6,64-57,'DET',leads
679,679,679,200401170MIL,24.0,5.0,3rd quarter,3:22.0,Ben Wallace,DET,False,2-pointer,0,64-57,'DET',leads
680,680,680,200401170MIL,39.6,16.8,3rd quarter,3:13.0,Richard Hamilton,DET,True,2-pointer,20,66-57,'DET',leads
681,681,681,200401170MIL,36.3,3.2,3rd quarter,1:49.0,Corliss Williamson,DET,True,2-pointer,12,68-62,'DET',leads
682,682,682,200401170MIL,30.2,3.1,3rd quarter,0:46.3,Mehmet Okur,DET,True,2-pointer,6,72-67,'DET',leads
683,683,683,200401170MIL,24.0,5.0,4th quarter,11:03.0,Richard Hamilton,DET,True,2-pointer,0,74-71,'DET',leads
684,684,684,200401170MIL,29.4,3.7,4th quarter,10:32.0,Corliss Williamson,DET,True,2-pointer,6,76-73,'DET',leads
685,685,685,200401170MIL,24.0,5.0,4th quarter,9:48.0,Chucky Atkins,DET,False,2-pointer,0,76-75,'DET',leads
686,686,686,200401170MIL,22.5,6.7,4th quarter,8:49.0,Mehmet Okur,DET,True,2-pointer,2,78-78,'DET',tied
687,687,687,200401170MIL,24.0,9.6,4th quarter,8:07.0,Corliss Williamson,DET,False,2-pointer,5,78-79,'DET',trails
688,688,688,200401170MIL,14.1,29.0,4th quarter,7:41.0,Chucky Atkins,DET,True,3-pointer,26,81-79,'DET',leads
689,689,689,200401170MIL,16.6,18.3,4th quarter,6:24.0,Tayshaun Prince,DET,False,2-pointer,15,83-79,'DET',leads
690,690,690,200401170MIL,12.3,2.7,4th quarter,5:32.0,Richard Hamilton,DET,False,2-pointer,12,83-81,'DET',leads
691,691,691,200401170MIL,10.9,4.5,4th quarter,4:59.0,Tayshaun Prince,DET,False,2-pointer,13,83-81,'DET',leads
692,692,692,200401170MIL,39.8,19.1,4th quarter,4:30.0,Chauncey Billups,DET,True,2-pointer,21,85-81,'DET',leads
693,693,693,200401170MIL,9.5,26.7,4th quarter,3:24.0,Chauncey Billups,DET,False,3-pointer,26,85-83,'DET',leads
694,694,694,200401170MIL,24.0,5.0,4th quarter,3:22.0,Ben Wallace,DET,False,2-pointer,0,85-83,'DET',leads
695,695,695,200401170MIL,24.0,5.0,4th quarter,3:19.0,Corliss Williamson,DET,True,2-pointer,0,87-83,'DET',leads
696,696,696,200401170MIL,35.2,6.8,4th quarter,2:40.0,Chauncey Billups,DET,True,2-pointer,11,89-85,'DET',leads
697,697,697,200401170MIL,27.4,20.1,4th quarter,2:04.0,Richard Hamilton,DET,False,2-pointer,15,89-85,'DET',leads
698,698,698,200401170MIL,8.7,3.9,4th quarter,1:36.0,Richard Hamilton,DET,True,2-pointer,15,91-85,'DET',leads
699,699,699,200401170MIL,24.0,5.0,4th quarter,1:04.0,Chauncey Billups,DET,False,2-pointer,0,91-88,'DET',leads
700,700,700,200401170MIL,25.1,32.0,4th quarter,0:56.4,Chauncey Billups,DET,True,3-pointer,27,94-88,'DET',leads
701,701,701,200401170MIL,24.0,5.0,1st quarter,11:52.0,Michael Redd,MIL,False,2-pointer,0,0-0,'DET',tied
702,702,702,200401170MIL,24.0,5.0,1st quarter,11:34.0,Tim Thomas,MIL,False,2-pointer,0,0-0,'DET',tied
703,703,703,200401170MIL,24.0,5.0,1st quarter,11:31.0,Joe Smith,MIL,False,2-pointer,0,0-0,'DET',tied
704,704,704,200401170MIL,10.9,3.1,1st quarter,11:21.0,Brian Skinner,MIL,False,2-pointer,13,0-0,'DET',tied
705,705,705,200401170MIL,13.5,2.7,1st quarter,10:54.0,Brian Skinner,MIL,False,2-pointer,11,0-0,'DET',tied
706,706,706,200401170MIL,11.7,11.1,1st quarter,10:27.0,Joe Smith,MIL,False,2-pointer,14,0-0,'DET',tied
707,707,707,200401170MIL,24.0,5.0,1st quarter,10:25.0,Brian Skinner,MIL,True,2-pointer,0,2-0,'DET',leads
708,708,708,200401170MIL,37.5,4.9,1st quarter,9:35.0,Tim Thomas,MIL,False,2-pointer,14,2-0,'DET',leads
709,709,709,200401170MIL,-0.3,4.5,1st quarter,9:05.0,Michael Redd,MIL,False,3-pointer,24,2-0,'DET',leads
710,710,710,200401170MIL,24.0,5.0,1st quarter,8:44.0,Michael Redd,MIL,True,2-pointer,0,4-0,'DET',leads
711,711,711,200401170MIL,36.5,2.9,1st quarter,7:47.0,Tim Thomas,MIL,False,2-pointer,13,4-2,'DET',leads
712,712,712,200401170MIL,9.7,15.5,1st quarter,7:38.0,Tim Thomas,MIL,False,2-pointer,18,4-2,'DET',leads
713,713,713,200401170MIL,13.8,3.9,1st quarter,7:17.0,Joe Smith,MIL,False,2-pointer,10,4-4,'DET',tied
714,714,714,200401170MIL,21.1,7.6,1st quarter,6:59.0,Tim Thomas,MIL,True,2-pointer,4,6-6,'DET',tied
715,715,715,200401170MIL,32.2,19.3,1st quarter,6:10.0,Damon Jones,MIL,False,2-pointer,16,6-6,'DET',tied
716,716,716,200401170MIL,48.5,12.2,1st quarter,5:37.0,Michael Redd,MIL,False,3-pointer,26,6-8,'DET',trails
717,717,717,200401170MIL,11.7,4.4,1st quarter,4:20.0,Brian Skinner,MIL,False,2-pointer,12,7-12,'DET',trails
718,718,718,200401170MIL,42.6,3.2,1st quarter,3:53.0,Michael Redd,MIL,True,2-pointer,19,9-14,'DET',trails
719,719,719,200401170MIL,33.4,12.1,1st quarter,3:18.0,Michael Redd,MIL,True,2-pointer,12,11-14,'DET',trails
720,720,720,200401170MIL,24.0,5.0,1st quarter,2:41.0,Brian Skinner,MIL,False,2-pointer,0,11-16,'DET',trails
721,721,721,200401170MIL,38.1,2.4,1st quarter,2:17.0,Tim Thomas,MIL,False,2-pointer,14,11-18,'DET',trails
722,722,722,200401170MIL,16.6,7.3,1st quarter,2:13.0,Brian Skinner,MIL,True,2-pointer,8,13-18,'DET',trails
723,723,723,200401170MIL,28.7,20.1,1st quarter,1:38.0,Michael Redd,MIL,False,2-pointer,16,13-18,'DET',trails
724,724,724,200401170MIL,13.7,22.6,1st quarter,1:16.0,Damon Jones,MIL,True,2-pointer,20,15-18,'DET',trails
725,725,725,200401170MIL,24.0,5.0,1st quarter,0:37.9,Damon Jones,MIL,False,2-pointer,0,15-20,'DET',trails
726,726,726,200401170MIL,22.5,10.1,1st quarter,0:33.1,Joe Smith,MIL,True,2-pointer,5,17-20,'DET',trails
727,727,727,200401170MIL,31.5,22.8,1st quarter,0:00.3,Daniel Santiago,MIL,False,2-pointer,19,17-22,'DET',trails
728,728,728,200401170MIL,24.0,5.0,2nd quarter,11:42.0,Damon Jones,MIL,False,2-pointer,0,17-22,'DET',trails
729,729,729,200401170MIL,10.5,3.2,2nd quarter,11:28.0,Michael Redd,MIL,False,2-pointer,14,17-22,'DET',trails
730,730,730,200401170MIL,24.0,31.0,2nd quarter,10:53.0,Toni Kukoč,MIL,False,3-pointer,26,17-24,'DET',trails
731,731,731,200401170MIL,30.1,32.8,2nd quarter,10:21.0,Damon Jones,MIL,False,3-pointer,28,17-24,'DET',trails
732,732,732,200401170MIL,16.6,29.8,2nd quarter,9:16.0,Toni Kukoč,MIL,False,3-pointer,26,18-24,'DET',trails
733,733,733,200401170MIL,14.5,29.0,2nd quarter,8:46.0,Tim Thomas,MIL,True,3-pointer,26,21-24,'DET',trails
734,734,734,200401170MIL,24.0,5.0,2nd quarter,8:01.0,Damon Jones,MIL,True,2-pointer,0,23-27,'DET',trails
735,735,735,200401170MIL,24.0,5.0,2nd quarter,7:08.0,Daniel Santiago,MIL,False,2-pointer,0,24-29,'DET',trails
736,736,736,200401170MIL,24.0,5.0,2nd quarter,6:39.0,Desmond Mason,MIL,True,2-pointer,0,26-29,'DET',trails
737,737,737,200401170MIL,2.3,20.3,2nd quarter,6:00.0,Toni Kukoč,MIL,False,3-pointer,27,26-31,'DET',trails
738,738,738,200401170MIL,0.7,4.2,2nd quarter,5:19.0,T.J. Ford,MIL,True,3-pointer,23,29-33,'DET',trails
739,739,739,200401170MIL,28.7,21.8,2nd quarter,4:45.0,Tim Thomas,MIL,False,2-pointer,17,29-33,'DET',trails
740,740,740,200401170MIL,38.0,17.5,2nd quarter,4:13.0,Desmond Mason,MIL,True,2-pointer,19,31-35,'DET',trails
741,741,741,200401170MIL,14.1,5.2,2nd quarter,3:32.0,Tim Thomas,MIL,True,2-pointer,10,33-35,'DET',trails
742,742,742,200401170MIL,24.0,5.0,2nd quarter,3:01.0,Daniel Santiago,MIL,True,2-pointer,0,35-35,'DET',tied
743,743,743,200401170MIL,13.3,8.5,2nd quarter,2:28.0,Tim Thomas,MIL,False,2-pointer,11,35-37,'DET',trails
744,744,744,200401170MIL,33.4,18.5,2nd quarter,2:10.0,Desmond Mason,MIL,False,2-pointer,16,35-37,'DET',trails
745,745,745,200401170MIL,25.6,24.4,2nd quarter,1:57.0,T.J. Ford,MIL,True,2-pointer,19,37-37,'DET',tied
746,746,746,200401170MIL,41.2,3.7,2nd quarter,0:49.8,Joe Smith,MIL,True,2-pointer,17,39-43,'DET',trails
747,747,747,200401170MIL,39.3,39.5,2nd quarter,0:00.1,Tim Thomas,MIL,True,3-pointer,38,42-47,'DET',trails
748,748,748,200401170MIL,24.0,5.0,3rd quarter,11:28.0,Tim Thomas,MIL,True,2-pointer,0,44-49,'DET',trails
749,749,749,200401170MIL,24.0,5.0,3rd quarter,11:05.0,T.J. Ford,MIL,True,2-pointer,0,46-49,'DET',trails
750,750,750,200401170MIL,24.0,5.0,3rd quarter,10:32.0,Michael Redd,MIL,False,2-pointer,0,46-49,'DET',trails
751,751,751,200401170MIL,24.0,5.0,3rd quarter,10:01.0,Michael Redd,MIL,True,2-pointer,0,48-52,'DET',trails
752,752,752,200401170MIL,24.0,5.0,3rd quarter,9:15.0,Tim Thomas,MIL,True,2-pointer,0,50-54,'DET',trails
753,753,753,200401170MIL,11.0,21.0,3rd quarter,8:18.0,Tim Thomas,MIL,False,2-pointer,21,50-54,'DET',trails
754,754,754,200401170MIL,37.0,6.3,3rd quarter,7:45.0,Michael Redd,MIL,False,2-pointer,13,50-56,'DET',trails
755,755,755,200401170MIL,24.0,5.0,3rd quarter,7:38.0,Michael Redd,MIL,False,2-pointer,0,50-56,'DET',trails
756,756,756,200401170MIL,32.0,29.8,3rd quarter,6:25.0,Michael Redd,MIL,False,3-pointer,26,50-58,'DET',trails
757,757,757,200401170MIL,4.5,23.6,3rd quarter,5:43.0,Tim Thomas,MIL,True,3-pointer,27,53-60,'DET',trails
758,758,758,200401170MIL,24.0,5.0,3rd quarter,4:52.0,Michael Redd,MIL,True,2-pointer,0,55-62,'DET',trails
759,759,759,200401170MIL,19.6,8.1,3rd quarter,4:20.0,Michael Redd,MIL,False,2-pointer,5,55-62,'DET',trails
760,760,760,200401170MIL,24.0,5.0,3rd quarter,4:18.0,Joe Smith,MIL,True,2-pointer,0,57-62,'DET',trails
761,761,761,200401170MIL,19.6,8.0,3rd quarter,2:46.0,Tim Thomas,MIL,True,2-pointer,5,59-66,'DET',trails
762,762,762,200401170MIL,24.0,5.0,3rd quarter,2:05.0,T.J. Ford,MIL,True,2-pointer,0,61-66,'DET',trails
763,763,763,200401170MIL,24.5,31.0,3rd quarter,1:31.0,Michael Redd,MIL,True,3-pointer,26,65-68,'DET',trails
764,764,764,200401170MIL,17.1,7.8,3rd quarter,0:33.9,Michael Redd,MIL,True,2-pointer,7,69-72,'DET',trails
765,765,765,200401170MIL,16.3,17.2,3rd quarter,0:03.9,T.J. Ford,MIL,False,2-pointer,14,69-72,'DET',trails
766,766,766,200401170MIL,24.0,5.0,3rd quarter,0:02.1,Michael Redd,MIL,True,2-pointer,0,71-72,'DET',trails
767,767,767,200401170MIL,3.8,20.1,4th quarter,11:50.0,Damon Jones,MIL,False,3-pointer,25,71-72,'DET',trails
768,768,768,200401170MIL,18.1,10.3,4th quarter,11:18.0,Joe Smith,MIL,False,2-pointer,8,71-72,'DET',trails
769,769,769,200401170MIL,23.4,13.6,4th quarter,10:16.0,Michael Redd,MIL,True,2-pointer,9,75-76,'DET',trails
770,770,770,200401170MIL,3.6,9.9,4th quarter,9:36.0,Desmond Mason,MIL,False,2-pointer,21,75-76,'DET',trails
771,771,771,200401170MIL,43.0,22.1,4th quarter,9:12.0,Damon Jones,MIL,True,3-pointer,26,78-76,'DET',leads
772,772,772,200401170MIL,33.2,31.1,4th quarter,7:18.0,Michael Redd,MIL,False,3-pointer,28,79-81,'DET',trails
773,773,773,200401170MIL,24.0,5.0,4th quarter,6:47.0,Damon Jones,MIL,False,2-pointer,0,79-83,'DET',trails
774,774,774,200401170MIL,24.0,5.0,4th quarter,5:52.0,Desmond Mason,MIL,True,2-pointer,0,81-83,'DET',trails
775,775,775,200401170MIL,33.2,29.3,4th quarter,5:23.0,Toni Kukoč,MIL,False,3-pointer,26,81-83,'DET',trails
776,776,776,200401170MIL,7.7,24.4,4th quarter,4:46.0,Damon Jones,MIL,False,3-pointer,25,81-83,'DET',trails
777,777,777,200401170MIL,11.5,2.9,4th quarter,3:42.0,Michael Redd,MIL,True,2-pointer,13,83-85,'DET',trails
778,778,778,200401170MIL,24.0,5.0,4th quarter,2:57.0,Michael Redd,MIL,True,2-pointer,0,85-87,'DET',trails
779,779,779,200401170MIL,24.0,5.0,4th quarter,2:21.0,Brian Skinner,MIL,False,2-pointer,0,85-89,'DET',trails
780,780,780,200401170MIL,41.7,23.9,4th quarter,1:54.0,Tim Thomas,MIL,False,3-pointer,26,85-89,'DET',trails
781,781,781,200401170MIL,26.8,31.6,4th quarter,1:15.0,Michael Redd,MIL,True,3-pointer,27,88-91,'DET',trails
782,782,782,200401170MIL,35.8,27.9,4th quarter,0:42.3,Desmond Mason,MIL,True,3-pointer,26,91-94,'DET',trails
783,783,783,200401170MIL,26.9,31.0,4th quarter,0:17.9,Michael Redd,MIL,False,3-pointer,26,91-96,'DET',trails
784,784,784,200401170MIL,25.5,31.0,4th quarter,0:13.8,Tim Thomas,MIL,True,3-pointer,26,94-97,'DET',trails
785,785,785,200401170MIL,13.8,29.0,4th quarter,0:05.9,Toni Kukoč,MIL,False,3-pointer,26,94-99,'DET',trails
786,786,786,200401170NJN,10.7,5.2,1st quarter,11:20.0,Jermaine O'Neal,IND,True,2-pointer,13,2-0,'IND',leads
787,787,787,200401170NJN,37.8,24.9,1st quarter,10:53.0,Jamaal Tinsley,IND,False,3-pointer,24,2-2,'IND',tied
788,788,788,200401170NJN,4.8,12.2,1st quarter,10:30.0,Metta World,IND,False,2-pointer,21,2-4,'IND',trails
789,789,789,200401170NJN,12.8,18.3,1st quarter,9:52.0,Jermaine O'Neal,IND,False,2-pointer,17,2-6,'IND',trails
790,790,790,200401170NJN,37.5,12.7,1st quarter,9:18.0,Jamaal Tinsley,IND,False,2-pointer,16,2-8,'IND',trails
791,791,791,200401170NJN,24.0,5.0,1st quarter,8:48.0,Reggie Miller,IND,True,2-pointer,0,4-8,'IND',trails
792,792,792,200401170NJN,20.7,13.4,1st quarter,8:04.0,Metta World,IND,True,2-pointer,9,6-8,'IND',trails
793,793,793,200401170NJN,12.0,5.8,1st quarter,7:19.0,Jermaine O'Neal,IND,True,2-pointer,12,8-8,'IND',tied
794,794,794,200401170NJN,47.5,6.3,1st quarter,6:43.0,Metta World,IND,False,3-pointer,24,8-11,'IND',trails
795,795,795,200401170NJN,24.8,29.7,1st quarter,6:20.0,Jamaal Tinsley,IND,False,3-pointer,25,8-14,'IND',trails
796,796,796,200401170NJN,47.6,5.7,1st quarter,5:52.0,Jamaal Tinsley,IND,False,3-pointer,24,8-14,'IND',trails
797,797,797,200401170NJN,8.6,4.7,1st quarter,4:38.0,Metta World,IND,True,2-pointer,15,10-18,'IND',trails
798,798,798,200401170NJN,33.7,20.3,1st quarter,4:13.0,Anthony Johnson,IND,False,2-pointer,18,10-18,'IND',trails
799,799,799,200401170NJN,22.9,16.8,1st quarter,3:32.0,Jermaine O'Neal,IND,True,2-pointer,12,12-20,'IND',trails
800,800,800,200401170NJN,18.9,25.9,1st quarter,2:59.0,Metta World,IND,False,2-pointer,22,12-20,'IND',trails
801,801,801,200401170NJN,8.7,6.2,1st quarter,2:50.0,Jonathan Bender,IND,False,2-pointer,15,12-20,'IND',trails
802,802,802,200401170NJN,15.5,18.5,1st quarter,2:17.0,Al Harrington,IND,True,2-pointer,16,16-20,'IND',trails
803,803,803,200401170NJN,24.0,5.0,1st quarter,1:02.0,Jonathan Bender,IND,True,2-pointer,0,18-20,'IND',trails
804,804,804,200401170NJN,16.3,31.1,2nd quarter,11:36.0,Metta World,IND,False,3-pointer,27,20-23,'IND',trails
805,805,805,200401170NJN,39.3,5.0,2nd quarter,11:01.0,Jonathan Bender,IND,False,2-pointer,15,20-25,'IND',trails
806,806,806,200401170NJN,28.7,27.5,2nd quarter,9:46.0,Al Harrington,IND,True,2-pointer,23,23-29,'IND',trails
807,807,807,200401170NJN,24.0,5.0,2nd quarter,9:09.0,Jonathan Bender,IND,False,2-pointer,0,23-29,'IND',trails
808,808,808,200401170NJN,16.9,9.1,2nd quarter,8:42.0,Jermaine O'Neal,IND,True,2-pointer,8,25-31,'IND',trails
809,809,809,200401170NJN,24.0,5.0,2nd quarter,7:59.0,Jermaine O'Neal,IND,True,2-pointer,0,27-33,'IND',trails
810,810,810,200401170NJN,30.6,22.3,2nd quarter,7:23.0,Al Harrington,IND,False,2-pointer,19,28-35,'IND',trails
811,811,811,200401170NJN,24.0,5.0,2nd quarter,6:29.0,Al Harrington,IND,True,2-pointer,0,30-37,'IND',trails
812,812,812,200401170NJN,0.8,3.7,2nd quarter,5:52.0,Al Harrington,IND,False,3-pointer,23,30-37,'IND',trails
813,813,813,200401170NJN,37.8,5.8,2nd quarter,5:19.0,Metta World,IND,True,2-pointer,14,32-39,'IND',trails
814,814,814,200401170NJN,47.2,3.4,2nd quarter,4:46.0,Metta World,IND,False,3-pointer,23,32-41,'IND',trails
815,815,815,200401170NJN,32.5,21.4,2nd quarter,3:29.0,Jamaal Tinsley,IND,False,2-pointer,18,36-46,'IND',trails
816,816,816,200401170NJN,1.2,4.9,2nd quarter,2:34.0,Reggie Miller,IND,True,3-pointer,23,41-50,'IND',trails
817,817,817,200401170NJN,10.7,16.0,2nd quarter,1:49.0,Al Harrington,IND,True,2-pointer,17,43-50,'IND',trails
818,818,818,200401170NJN,44.5,18.0,2nd quarter,0:39.9,Anthony Johnson,IND,False,3-pointer,24,45-53,'IND',trails
819,819,819,200401170NJN,16.1,19.0,3rd quarter,11:38.0,Metta World,IND,True,2-pointer,16,47-55,'IND',trails
820,820,820,200401170NJN,24.0,5.0,3rd quarter,10:57.0,Jermaine O'Neal,IND,False,2-pointer,0,47-55,'IND',trails
821,821,821,200401170NJN,24.0,5.0,3rd quarter,10:54.0,Jamaal Tinsley,IND,False,2-pointer,0,47-55,'IND',trails
822,822,822,200401170NJN,1.0,6.7,3rd quarter,10:48.0,Jamaal Tinsley,IND,True,3-pointer,23,50-55,'IND',trails
823,823,823,200401170NJN,47.5,4.4,3rd quarter,10:09.0,Jamaal Tinsley,IND,False,3-pointer,24,50-55,'IND',trails
824,824,824,200401170NJN,23.7,17.7,3rd quarter,10:03.0,Jermaine O'Neal,IND,True,2-pointer,13,52-55,'IND',trails
825,825,825,200401170NJN,6.8,5.5,3rd quarter,9:27.0,Jermaine O'Neal,IND,False,2-pointer,17,52-55,'IND',trails
826,826,826,200401170NJN,24.0,5.0,3rd quarter,9:23.0,Jeff Foster,IND,False,2-pointer,0,52-55,'IND',trails
827,827,827,200401170NJN,19.4,17.2,3rd quarter,8:50.0,Metta World,IND,True,2-pointer,13,54-57,'IND',trails
828,828,828,200401170NJN,47.0,4.5,3rd quarter,8:19.0,Jamaal Tinsley,IND,False,3-pointer,23,54-57,'IND',trails
829,829,829,200401170NJN,4.0,21.4,3rd quarter,7:51.0,Jamaal Tinsley,IND,True,3-pointer,26,57-59,'IND',trails
830,830,830,200401170NJN,13.2,28.5,3rd quarter,7:14.0,Jamaal Tinsley,IND,False,3-pointer,26,57-59,'IND',trails
831,831,831,200401170NJN,12.7,17.2,3rd quarter,6:37.0,Al Harrington,IND,True,2-pointer,17,59-60,'IND',trails
832,832,832,200401170NJN,37.5,6.5,3rd quarter,5:59.0,Al Harrington,IND,False,2-pointer,14,59-60,'IND',trails
833,833,833,200401170NJN,17.6,5.2,3rd quarter,5:24.0,Metta World,IND,False,2-pointer,6,59-60,'IND',trails
834,834,834,200401170NJN,24.0,5.0,3rd quarter,5:22.0,Jeff Foster,IND,False,2-pointer,0,59-60,'IND',trails
835,835,835,200401170NJN,18.6,12.6,3rd quarter,4:54.0,Metta World,IND,False,2-pointer,9,59-61,'IND',trails
836,836,836,200401170NJN,24.0,5.0,3rd quarter,4:50.0,Scot Pollard,IND,True,2-pointer,0,61-61,'IND',tied
837,837,837,200401170NJN,36.8,26.5,3rd quarter,4:21.0,Reggie Miller,IND,False,3-pointer,25,61-61,'IND',tied
838,838,838,200401170NJN,33.0,20.6,3rd quarter,3:25.0,Anthony Johnson,IND,False,2-pointer,18,61-62,'IND',trails
839,839,839,200401170NJN,38.4,24.9,3rd quarter,2:52.0,Metta World,IND,False,3-pointer,25,61-64,'IND',trails
840,840,840,200401170NJN,41.2,5.8,3rd quarter,1:58.0,Anthony Johnson,IND,True,2-pointer,17,63-66,'IND',trails
841,841,841,200401170NJN,37.5,17.2,3rd quarter,1:11.0,Metta World,IND,False,2-pointer,18,63-69,'IND',trails
842,842,842,200401170NJN,5.1,21.3,3rd quarter,0:30.8,Metta World,IND,False,3-pointer,25,63-72,'IND',trails
843,843,843,200401170NJN,24.5,20.6,3rd quarter,0:00.8,Metta World,IND,False,2-pointer,16,63-74,'IND',trails
844,844,844,200401170NJN,34.0,27.9,4th quarter,11:11.0,Jonathan Bender,IND,True,3-pointer,25,66-74,'IND',trails
845,845,845,200401170NJN,24.0,5.0,4th quarter,10:42.0,Anthony Johnson,IND,True,2-pointer,0,68-74,'IND',trails
846,846,846,200401170NJN,24.0,5.0,4th quarter,10:06.0,Jermaine O'Neal,IND,True,2-pointer,0,70-74,'IND',trails
847,847,847,200401170NJN,40.7,22.9,4th quarter,9:18.0,Jermaine O'Neal,IND,True,3-pointer,24,73-76,'IND',trails
848,848,848,200401170NJN,7.6,5.0,4th quarter,8:23.0,Jermaine O'Neal,IND,False,2-pointer,16,73-78,'IND',trails
849,849,849,200401170NJN,41.1,6.7,4th quarter,7:39.0,Jonathan Bender,IND,False,2-pointer,17,73-78,'IND',trails
850,850,850,200401170NJN,25.0,23.9,4th quarter,6:56.0,Anthony Johnson,IND,False,2-pointer,19,73-78,'IND',trails
851,851,851,200401170NJN,7.9,23.3,4th quarter,6:34.0,Anthony Johnson,IND,True,3-pointer,24,76-78,'IND',trails
852,852,852,200401170NJN,47.2,4.5,4th quarter,6:02.0,Jamaal Tinsley,IND,True,3-pointer,23,79-78,'IND',leads
853,853,853,200401170NJN,24.0,5.0,4th quarter,5:29.0,Jermaine O'Neal,IND,False,2-pointer,0,79-78,'IND',leads
854,854,854,200401170NJN,24.0,5.0,4th quarter,5:26.0,Al Harrington,IND,False,2-pointer,0,79-78,'IND',leads
855,855,855,200401170NJN,37.5,15.5,4th quarter,4:46.0,Jermaine O'Neal,IND,False,2-pointer,17,79-78,'IND',leads
856,856,856,200401170NJN,24.0,5.0,4th quarter,3:00.0,Jermaine O'Neal,IND,False,2-pointer,0,81-78,'IND',leads
857,857,857,200401170NJN,24.0,5.0,4th quarter,2:21.0,Metta World,IND,False,2-pointer,0,81-80,'IND',leads
858,858,858,200401170NJN,24.0,5.0,4th quarter,1:07.0,Metta World,IND,False,2-pointer,0,82-80,'IND',leads
859,859,859,200401170NJN,9.9,5.0,4th quarter,0:29.9,Jermaine O'Neal,IND,True,2-pointer,14,84-80,'IND',leads
860,860,860,200401170NJN,24.0,5.0,1st quarter,11:44.0,Kerry Kittles,NJN,False,2-pointer,0,0-0,'IND',tied
861,861,861,200401170NJN,24.3,21.0,1st quarter,11:04.0,Kenyon Martin,NJN,True,2-pointer,16,2-2,'IND',tied
862,862,862,200401170NJN,22.5,10.3,1st quarter,10:39.0,Kenyon Martin,NJN,True,2-pointer,6,4-2,'IND',leads
863,863,863,200401170NJN,24.0,5.0,1st quarter,10:14.0,Richard Jefferson,NJN,True,2-pointer,0,6-2,'IND',leads
864,864,864,200401170NJN,24.0,5.0,1st quarter,9:45.0,Kenyon Martin,NJN,True,2-pointer,0,8-2,'IND',leads
865,865,865,200401170NJN,24.0,5.0,1st quarter,8:58.0,Kerry Kittles,NJN,False,2-pointer,0,8-2,'IND',leads
866,866,866,200401170NJN,31.9,21.0,1st quarter,8:31.0,Jason Collins,NJN,False,2-pointer,18,8-4,'IND',leads
867,867,867,200401170NJN,37.8,16.5,1st quarter,8:17.0,Jason Collins,NJN,False,2-pointer,18,8-4,'IND',leads
868,868,868,200401170NJN,38.6,5.0,1st quarter,7:44.0,Richard Jefferson,NJN,False,2-pointer,15,8-6,'IND',leads
869,869,869,200401170NJN,37.0,26.5,1st quarter,6:58.0,Jason Kidd,NJN,True,3-pointer,25,11-8,'IND',leads
870,870,870,200401170NJN,36.0,26.2,1st quarter,6:36.0,Jason Kidd,NJN,True,3-pointer,24,14-8,'IND',leads
871,871,871,200401170NJN,34.0,26.5,1st quarter,6:11.0,Jason Kidd,NJN,False,2-pointer,24,14-8,'IND',leads
872,872,872,200401170NJN,24.0,5.0,1st quarter,5:24.0,Richard Jefferson,NJN,True,2-pointer,0,18-8,'IND',leads
873,873,873,200401170NJN,20.2,28.7,1st quarter,4:50.0,Kerry Kittles,NJN,False,3-pointer,24,18-8,'IND',leads
874,874,874,200401170NJN,43.2,4.7,1st quarter,4:23.0,Kenyon Martin,NJN,False,2-pointer,19,18-10,'IND',leads
875,875,875,200401170NJN,16.5,5.3,1st quarter,3:55.0,Kenyon Martin,NJN,True,2-pointer,8,20-10,'IND',leads
876,876,876,200401170NJN,31.9,22.4,1st quarter,1:57.0,Kenyon Martin,NJN,False,2-pointer,19,20-16,'IND',leads
877,877,877,200401170NJN,39.4,11.6,1st quarter,1:20.0,Lucious Harris,NJN,False,2-pointer,17,20-16,'IND',leads
878,878,878,200401170NJN,5.4,21.8,1st quarter,0:45.7,Kerry Kittles,NJN,True,3-pointer,25,23-18,'IND',leads
879,879,879,200401170NJN,22.4,24.2,1st quarter,0:00.4,Kerry Kittles,NJN,False,2-pointer,19,23-20,'IND',leads
880,880,880,200401170NJN,40.3,18.5,2nd quarter,11:18.0,Jason Kidd,NJN,True,2-pointer,21,25-20,'IND',leads
881,881,881,200401170NJN,24.0,5.0,2nd quarter,10:32.0,Richard Jefferson,NJN,True,2-pointer,0,29-20,'IND',leads
882,882,882,200401170NJN,37.6,5.0,2nd quarter,10:02.0,Lucious Harris,NJN,False,2-pointer,14,29-21,'IND',leads
883,883,883,200401170NJN,30.6,28.5,2nd quarter,9:22.0,Jason Kidd,NJN,False,3-pointer,24,29-23,'IND',leads
884,884,884,200401170NJN,24.0,5.0,2nd quarter,9:18.0,Aaron Williams,NJN,False,2-pointer,0,29-23,'IND',leads
885,885,885,200401170NJN,24.0,5.0,2nd quarter,9:02.0,Jason Kidd,NJN,True,2-pointer,0,31-23,'IND',leads
886,886,886,200401170NJN,24.0,5.0,2nd quarter,8:33.0,Aaron Williams,NJN,True,2-pointer,0,33-25,'IND',leads
887,887,887,200401170NJN,21.7,22.6,2nd quarter,7:43.0,Lucious Harris,NJN,False,2-pointer,18,33-28,'IND',leads
888,888,888,200401170NJN,24.0,5.0,2nd quarter,7:40.0,Richard Jefferson,NJN,True,2-pointer,0,35-28,'IND',leads
889,889,889,200401170NJN,33.8,21.1,2nd quarter,7:14.0,Jason Kidd,NJN,True,2-pointer,19,37-28,'IND',leads
890,890,890,200401170NJN,24.0,5.0,2nd quarter,6:46.0,Jason Kidd,NJN,False,2-pointer,0,37-28,'IND',leads
891,891,891,200401170NJN,24.0,5.0,2nd quarter,5:37.0,Richard Jefferson,NJN,True,2-pointer,0,39-30,'IND',leads
892,892,892,200401170NJN,24.0,5.0,2nd quarter,5:07.0,Kenyon Martin,NJN,True,2-pointer,0,41-32,'IND',leads
893,893,893,200401170NJN,24.0,5.0,2nd quarter,4:29.0,Kenyon Martin,NJN,True,2-pointer,0,43-34,'IND',leads
894,894,894,200401170NJN,24.0,5.0,2nd quarter,4:10.0,Kerry Kittles,NJN,True,2-pointer,0,45-34,'IND',leads
895,895,895,200401170NJN,24.0,5.0,2nd quarter,3:43.0,Kenyon Martin,NJN,False,2-pointer,0,45-36,'IND',leads
896,896,896,200401170NJN,24.0,5.0,2nd quarter,3:17.0,Jason Kidd,NJN,True,2-pointer,0,48-36,'IND',leads
897,897,897,200401170NJN,24.0,5.0,2nd quarter,2:46.0,Aaron Williams,NJN,False,2-pointer,0,48-38,'IND',leads
898,898,898,200401170NJN,10.9,25.6,2nd quarter,2:09.0,Jason Kidd,NJN,False,3-pointer,24,50-41,'IND',leads
899,899,899,200401170NJN,19.7,28.8,2nd quarter,0:55.9,Richard Jefferson,NJN,False,3-pointer,24,51-45,'IND',leads
900,900,900,200401170NJN,24.0,5.0,2nd quarter,0:53.7,Rodney Rogers,NJN,True,2-pointer,0,53-45,'IND',leads
901,901,901,200401170NJN,39.9,26.4,2nd quarter,0:01.8,Jason Kidd,NJN,False,3-pointer,27,55-45,'IND',leads
902,902,902,200401170NJN,33.2,21.3,3rd quarter,11:03.0,Jason Collins,NJN,False,2-pointer,19,55-47,'IND',leads
903,903,903,200401170NJN,24.0,5.0,3rd quarter,8:12.0,Jason Kidd,NJN,False,2-pointer,0,57-54,'IND',leads
904,904,904,200401170NJN,38.6,11.8,3rd quarter,8:08.0,Kerry Kittles,NJN,True,2-pointer,16,59-54,'IND',leads
905,905,905,200401170NJN,27.4,12.1,3rd quarter,7:33.0,Kenyon Martin,NJN,False,2-pointer,8,59-57,'IND',leads
906,906,906,200401170NJN,39.6,24.7,3rd quarter,6:22.0,Richard Jefferson,NJN,False,3-pointer,25,60-59,'IND',leads
907,907,907,200401170NJN,47.2,3.7,3rd quarter,5:15.0,Kerry Kittles,NJN,False,3-pointer,23,60-59,'IND',leads
908,908,908,200401170NJN,40.6,4.5,3rd quarter,4:13.0,Richard Jefferson,NJN,False,2-pointer,17,61-61,'IND',tied
909,909,909,200401170NJN,24.0,5.0,3rd quarter,3:19.0,Rodney Rogers,NJN,True,2-pointer,0,64-61,'IND',leads
910,910,910,200401170NJN,34.5,27.9,3rd quarter,1:38.0,Jason Kidd,NJN,True,3-pointer,25,69-63,'IND',leads
911,911,911,200401170NJN,14.8,28.7,3rd quarter,0:50.9,Lucious Harris,NJN,False,3-pointer,25,69-63,'IND',leads
912,912,912,200401170NJN,38.1,24.6,3rd quarter,0:45.5,Jason Kidd,NJN,True,3-pointer,24,72-63,'IND',leads
913,913,913,200401170NJN,24.0,5.0,4th quarter,11:35.0,Jason Kidd,NJN,False,2-pointer,0,74-63,'IND',leads
914,914,914,200401170NJN,24.0,5.0,4th quarter,10:51.0,Rodney Rogers,NJN,False,2-pointer,0,74-66,'IND',leads
915,915,915,200401170NJN,7.7,23.1,4th quarter,10:22.0,Rodney Rogers,NJN,False,3-pointer,24,74-68,'IND',leads
916,916,916,200401170NJN,24.0,5.0,4th quarter,10:12.0,Jason Kidd,NJN,False,2-pointer,0,74-68,'IND',leads
917,917,917,200401170NJN,24.0,5.0,4th quarter,9:45.0,Rodney Rogers,NJN,True,2-pointer,0,76-70,'IND',leads
918,918,918,200401170NJN,24.0,5.0,4th quarter,9:01.0,Jason Kidd,NJN,False,2-pointer,0,76-73,'IND',leads
919,919,919,200401170NJN,24.0,5.0,4th quarter,8:58.0,Rodney Rogers,NJN,True,2-pointer,0,78-73,'IND',leads
920,920,920,200401170NJN,35.3,19.0,4th quarter,8:15.0,Aaron Williams,NJN,False,2-pointer,18,78-73,'IND',leads
921,921,921,200401170NJN,24.0,5.0,4th quarter,7:27.0,Richard Jefferson,NJN,False,2-pointer,0,78-73,'IND',leads
922,922,922,200401170NJN,14.6,8.3,4th quarter,7:21.0,Kerry Kittles,NJN,False,2-pointer,10,78-73,'IND',leads
923,923,923,200401170NJN,19.7,22.1,4th quarter,6:45.0,Kerry Kittles,NJN,False,2-pointer,18,78-73,'IND',leads
924,924,924,200401170NJN,24.0,5.0,4th quarter,6:18.0,Jason Collins,NJN,False,2-pointer,0,78-76,'IND',leads
925,925,925,200401170NJN,25.0,28.0,4th quarter,5:44.0,Richard Jefferson,NJN,False,2-pointer,23,78-79,'IND',trails
926,926,926,200401170NJN,16.1,23.3,4th quarter,5:09.0,Kerry Kittles,NJN,False,2-pointer,20,78-79,'IND',trails
927,927,927,200401170NJN,32.9,28.2,4th quarter,4:23.0,Jason Kidd,NJN,False,3-pointer,25,78-79,'IND',trails
928,928,928,200401170NJN,24.0,5.0,4th quarter,2:45.0,Kerry Kittles,NJN,True,2-pointer,0,80-81,'IND',trails
929,929,929,200401170NJN,24.0,5.0,4th quarter,2:15.0,Jason Kidd,NJN,False,2-pointer,0,80-81,'IND',trails
930,930,930,200401170NJN,33.2,18.8,4th quarter,2:05.0,Richard Jefferson,NJN,False,2-pointer,17,80-81,'IND',trails
931,931,931,200401170NJN,37.0,25.2,4th quarter,0:52.9,Richard Jefferson,NJN,False,3-pointer,24,80-82,'IND',trails
932,932,932,200401170NJN,24.0,5.0,4th quarter,0:25.9,Kenyon Martin,NJN,False,2-pointer,0,80-84,'IND',trails
933,933,933,200401170NJN,24.0,5.0,4th quarter,0:23.5,Kenyon Martin,NJN,True,2-pointer,0,82-84,'IND',trails
934,934,934,200401170NJN,24.0,5.0,4th quarter,0:19.7,Kenyon Martin,NJN,True,2-pointer,0,84-86,'IND',trails
935,935,935,200401170NJN,42.4,21.8,4th quarter,0:13.9,Kerry Kittles,NJN,False,3-pointer,25,84-88,'IND',trails
936,936,936,200401170NOH,7.2,4.7,1st quarter,11:22.0,Juwan Howard,ORL,False,2-pointer,17,0-2,'NOH',trails
937,937,937,200401170NOH,36.6,27.5,1st quarter,11:06.0,Tracy McGrady,ORL,False,3-pointer,26,0-2,'NOH',trails
938,938,938,200401170NOH,25.8,10.6,1st quarter,11:02.0,Juwan Howard,ORL,True,2-pointer,6,2-2,'NOH',tied
939,939,939,200401170NOH,42.4,22.3,1st quarter,10:15.0,Tyronn Lue,ORL,False,3-pointer,25,2-5,'NOH',trails
940,940,940,200401170NOH,24.0,5.0,1st quarter,10:01.0,Keith Bogans,ORL,True,2-pointer,0,4-5,'NOH',trails
941,941,941,200401170NOH,24.0,5.0,1st quarter,9:29.0,Tyronn Lue,ORL,True,2-pointer,0,6-5,'NOH',leads
942,942,942,200401170NOH,32.5,11.3,1st quarter,7:33.0,Tracy McGrady,ORL,True,2-pointer,11,10-11,'NOH',trails
943,943,943,200401170NOH,24.0,5.0,1st quarter,7:13.0,Tyronn Lue,ORL,True,2-pointer,0,12-11,'NOH',leads
944,944,944,200401170NOH,7.4,23.3,1st quarter,6:03.0,Tracy McGrady,ORL,True,3-pointer,25,15-11,'NOH',leads
945,945,945,200401170NOH,1.5,9.1,1st quarter,5:25.0,Tracy McGrady,ORL,True,3-pointer,23,18-13,'NOH',leads
946,946,946,200401170NOH,40.9,6.0,1st quarter,3:55.0,Drew Gooden,ORL,False,2-pointer,17,18-15,'NOH',leads
947,947,947,200401170NOH,42.6,21.9,1st quarter,3:40.0,Tracy McGrady,ORL,False,3-pointer,25,18-15,'NOH',leads
948,948,948,200401170NOH,42.6,9.6,1st quarter,3:03.0,Tracy McGrady,ORL,True,2-pointer,19,20-18,'NOH',leads
949,949,949,200401170NOH,19.4,9.3,1st quarter,2:19.0,Drew Gooden,ORL,True,2-pointer,6,22-20,'NOH',leads
950,950,950,200401170NOH,39.3,22.3,1st quarter,1:53.0,Rod Strickland,ORL,False,2-pointer,23,22-22,'NOH',tied
951,951,951,200401170NOH,7.7,23.4,1st quarter,1:34.0,Tracy McGrady,ORL,True,3-pointer,25,25-22,'NOH',leads
952,952,952,200401170NOH,24.0,5.0,1st quarter,1:05.0,Zaza Pachulia,ORL,True,2-pointer,0,27-22,'NOH',leads
953,953,953,200401170NOH,24.5,24.9,1st quarter,0:24.9,Drew Gooden,ORL,False,2-pointer,20,27-24,'NOH',leads
954,954,954,200401170NOH,25.6,33.4,1st quarter,0:02.2,Tracy McGrady,ORL,False,3-pointer,28,27-26,'NOH',leads
955,955,955,200401170NOH,24.0,5.0,2nd quarter,11:39.0,Gordan Giriček,ORL,True,2-pointer,0,29-26,'NOH',leads
956,956,956,200401170NOH,24.0,5.0,2nd quarter,11:01.0,Drew Gooden,ORL,False,2-pointer,0,29-28,'NOH',leads
957,957,957,200401170NOH,35.8,17.0,2nd quarter,10:35.0,Juwan Howard,ORL,False,2-pointer,17,29-30,'NOH',trails
958,958,958,200401170NOH,14.3,24.9,2nd quarter,10:05.0,Rod Strickland,ORL,True,2-pointer,22,31-30,'NOH',leads
959,959,959,200401170NOH,42.2,21.3,2nd quarter,9:13.0,Keith Bogans,ORL,False,3-pointer,24,31-32,'NOH',trails
960,960,960,200401170NOH,23.4,28.3,2nd quarter,8:21.0,Gordan Giriček,ORL,False,2-pointer,23,31-32,'NOH',trails
961,961,961,200401170NOH,29.6,17.8,2nd quarter,7:54.0,Tyronn Lue,ORL,True,2-pointer,14,33-32,'NOH',leads
962,962,962,200401170NOH,24.0,5.0,2nd quarter,7:20.0,Juwan Howard,ORL,True,2-pointer,0,35-34,'NOH',leads
963,963,963,200401170NOH,40.6,9.5,2nd quarter,6:55.0,Gordan Giriček,ORL,False,2-pointer,17,36-34,'NOH',leads
964,964,964,200401170NOH,24.0,5.0,2nd quarter,6:28.0,Andrew DeClercq,ORL,False,2-pointer,0,36-34,'NOH',leads
965,965,965,200401170NOH,24.0,5.0,2nd quarter,6:27.0,Juwan Howard,ORL,True,2-pointer,0,38-34,'NOH',leads
966,966,966,200401170NOH,24.0,5.0,2nd quarter,5:37.0,Andrew DeClercq,ORL,True,2-pointer,0,40-34,'NOH',leads
967,967,967,200401170NOH,19.6,7.8,2nd quarter,4:32.0,Tracy McGrady,ORL,False,2-pointer,5,40-38,'NOH',leads
968,968,968,200401170NOH,40.1,19.6,2nd quarter,4:13.0,Tracy McGrady,ORL,True,2-pointer,22,42-38,'NOH',leads
969,969,969,200401170NOH,35.0,24.7,2nd quarter,3:20.0,Tracy McGrady,ORL,True,2-pointer,23,44-40,'NOH',leads
970,970,970,200401170NOH,24.0,5.0,2nd quarter,2:34.0,Tyronn Lue,ORL,False,2-pointer,0,44-40,'NOH',leads
971,971,971,200401170NOH,24.0,5.0,2nd quarter,0:54.8,Drew Gooden,ORL,True,2-pointer,0,46-43,'NOH',leads
972,972,972,200401170NOH,39.8,23.7,2nd quarter,0:21.9,Tracy McGrady,ORL,False,3-pointer,24,47-45,'NOH',leads
973,973,973,200401170NOH,32.4,11.1,2nd quarter,0:00.0,Tyronn Lue,ORL,False,2-pointer,10,47-45,'NOH',leads
974,974,974,200401170NOH,36.8,25.7,3rd quarter,11:43.0,Tracy McGrady,ORL,False,3-pointer,24,47-45,'NOH',leads
975,975,975,200401170NOH,6.9,20.5,3rd quarter,10:52.0,Tracy McGrady,ORL,False,2-pointer,23,47-45,'NOH',leads
976,976,976,200401170NOH,29.6,24.2,3rd quarter,10:13.0,Tyronn Lue,ORL,True,2-pointer,20,49-45,'NOH',leads
977,977,977,200401170NOH,20.2,8.6,3rd quarter,9:21.0,Juwan Howard,ORL,False,2-pointer,5,49-47,'NOH',leads
978,978,978,200401170NOH,33.0,19.0,3rd quarter,8:47.0,Keith Bogans,ORL,False,2-pointer,17,49-50,'NOH',trails
979,979,979,200401170NOH,24.0,5.0,3rd quarter,8:46.0,Tracy McGrady,ORL,True,2-pointer,0,51-50,'NOH',leads
980,980,980,200401170NOH,5.6,23.3,3rd quarter,7:28.0,Tracy McGrady,ORL,True,3-pointer,26,56-52,'NOH',leads
981,981,981,200401170NOH,24.0,5.0,3rd quarter,6:58.0,Juwan Howard,ORL,True,2-pointer,0,58-52,'NOH',leads
982,982,982,200401170NOH,47.2,4.2,3rd quarter,6:29.0,Keith Bogans,ORL,True,3-pointer,23,61-52,'NOH',leads
983,983,983,200401170NOH,26.9,27.5,3rd quarter,5:52.0,Tracy McGrady,ORL,False,2-pointer,23,61-52,'NOH',leads
984,984,984,200401170NOH,9.2,5.7,3rd quarter,5:19.0,Juwan Howard,ORL,True,2-pointer,15,63-54,'NOH',leads
985,985,985,200401170NOH,24.0,5.0,3rd quarter,4:40.0,Keith Bogans,ORL,True,2-pointer,0,65-56,'NOH',leads
986,986,986,200401170NOH,3.5,8.6,3rd quarter,3:50.0,Drew Gooden,ORL,False,2-pointer,21,65-58,'NOH',leads
987,987,987,200401170NOH,18.1,11.4,3rd quarter,3:27.0,Drew Gooden,ORL,True,2-pointer,9,67-58,'NOH',leads
988,988,988,200401170NOH,17.4,7.2,3rd quarter,2:27.0,Tracy McGrady,ORL,True,2-pointer,7,69-59,'NOH',leads
989,989,989,200401170NOH,32.2,27.4,3rd quarter,1:23.0,Drew Gooden,ORL,False,3-pointer,24,71-62,'NOH',leads
990,990,990,200401170NOH,33.2,6.0,3rd quarter,0:52.6,Rod Strickland,ORL,True,2-pointer,9,73-64,'NOH',leads
991,991,991,200401170NOH,8.9,6.2,3rd quarter,0:15.7,Rod Strickland,ORL,True,2-pointer,15,75-66,'NOH',leads
992,992,992,200401170NOH,29.9,10.8,4th quarter,11:07.0,Rod Strickland,ORL,True,2-pointer,8,77-70,'NOH',leads
993,993,993,200401170NOH,17.3,22.6,4th quarter,10:10.0,Drew Gooden,ORL,False,2-pointer,19,77-72,'NOH',leads
994,994,994,200401170NOH,42.1,22.1,4th quarter,9:34.0,Tracy McGrady,ORL,False,3-pointer,25,77-74,'NOH',leads
995,995,995,200401170NOH,24.0,5.0,4th quarter,9:07.0,Juwan Howard,ORL,False,2-pointer,0,78-74,'NOH',leads
996,996,996,200401170NOH,17.1,15.4,4th quarter,7:19.0,Juwan Howard,ORL,False,2-pointer,12,78-78,'NOH',tied
997,997,997,200401170NOH,40.6,6.7,4th quarter,6:46.0,Drew Gooden,ORL,False,2-pointer,17,80-78,'NOH',leads
998,998,998,200401170NOH,18.3,20.1,4th quarter,6:03.0,Juwan Howard,ORL,True,2-pointer,16,82-81,'NOH',leads
999,999,999,200401170NOH,14.5,14.5,4th quarter,5:20.0,Tyronn Lue,ORL,True,2-pointer,13,84-81,'NOH',leads
1000,1000,1000,200401170NOH,7.2,22.3,4th quarter,4:49.0,Keith Bogans,ORL,False,3-pointer,24,84-83,'NOH',leads
1001,1001,1001,200401170NOH,25.6,21.6,4th quarter,2:58.0,Juwan Howard,ORL,True,2-pointer,17,88-87,'NOH',leads
1002,1002,1002,200401170NOH,13.2,28.3,4th quarter,1:22.0,Tracy McGrady,ORL,False,3-pointer,26,88-91,'NOH',trails
1003,1003,1003,200401170NOH,24.0,5.0,4th quarter,1:05.0,Juwan Howard,ORL,False,2-pointer,0,88-91,'NOH',trails
1004,1004,1004,200401170NOH,24.0,5.0,4th quarter,1:03.0,Andrew DeClercq,ORL,True,2-pointer,0,90-91,'NOH',trails
1005,1005,1005,200401170NOH,24.0,5.0,4th quarter,0:03.6,Tracy McGrady,ORL,False,2-pointer,0,90-91,'NOH',trails
1006,1006,1006,200401170NOH,37.3,23.7,1st quarter,11:41.0,Darrell Armstrong,NOH,True,2-pointer,23,2-0,'NOH',leads
1007,1007,1007,200401170NOH,35.2,26.9,1st quarter,11:16.0,Baron Davis,NOH,False,3-pointer,25,2-0,'NOH',leads
1008,1008,1008,200401170NOH,6.4,11.1,1st quarter,10:46.0,Darrell Armstrong,NOH,False,2-pointer,19,2-2,'NOH',tied
1009,1009,1009,200401170NOH,24.0,29.7,1st quarter,10:40.0,Baron Davis,NOH,True,3-pointer,25,5-2,'NOH',leads
1010,1010,1010,200401170NOH,1.2,5.5,1st quarter,9:46.0,George Lynch,NOH,False,3-pointer,23,5-4,'NOH',leads
1011,1011,1011,200401170NOH,9.5,24.6,1st quarter,9:19.0,Darrell Armstrong,NOH,False,3-pointer,24,5-6,'NOH',trails
1012,1012,1012,200401170NOH,24.0,5.0,1st quarter,8:59.0,P.J. Brown,NOH,True,2-pointer,0,7-6,'NOH',leads
1013,1013,1013,200401170NOH,30.4,21.3,1st quarter,8:21.0,Baron Davis,NOH,False,2-pointer,18,7-8,'NOH',trails
1014,1014,1014,200401170NOH,24.0,5.0,1st quarter,8:19.0,P.J. Brown,NOH,True,2-pointer,0,9-8,'NOH',leads
1015,1015,1015,200401170NOH,24.0,5.0,1st quarter,7:52.0,Jamaal Magloire,NOH,True,2-pointer,0,11-8,'NOH',leads
1016,1016,1016,200401170NOH,41.2,21.4,1st quarter,6:30.0,Darrell Armstrong,NOH,False,3-pointer,24,11-12,'NOH',trails
1017,1017,1017,200401170NOH,8.6,24.2,1st quarter,6:12.0,Baron Davis,NOH,False,3-pointer,25,11-12,'NOH',trails
1018,1018,1018,200401170NOH,24.0,5.0,1st quarter,5:45.0,Baron Davis,NOH,False,2-pointer,0,11-15,'NOH',trails
1019,1019,1019,200401170NOH,24.0,5.0,1st quarter,5:43.0,Jamaal Magloire,NOH,True,2-pointer,0,13-15,'NOH',trails
1020,1020,1020,200401170NOH,5.1,21.0,1st quarter,5:10.0,Baron Davis,NOH,False,3-pointer,25,13-18,'NOH',trails
1021,1021,1021,200401170NOH,23.8,13.7,1st quarter,4:15.0,Steve Smith,NOH,True,2-pointer,9,15-18,'NOH',trails
1022,1022,1022,200401170NOH,27.4,29.5,1st quarter,3:23.0,Baron Davis,NOH,True,3-pointer,25,18-18,'NOH',tied
1023,1023,1023,200401170NOH,30.4,11.4,1st quarter,2:30.0,Steve Smith,NOH,True,2-pointer,9,20-20,'NOH',tied
1024,1024,1024,200401170NOH,36.1,6.3,1st quarter,2:11.0,Stacey Augmon,NOH,True,2-pointer,12,22-22,'NOH',tied
1025,1025,1025,200401170NOH,39.3,11.1,1st quarter,1:41.0,Steve Smith,NOH,False,2-pointer,16,22-22,'NOH',tied
1026,1026,1026,200401170NOH,3.0,17.7,1st quarter,1:14.0,Baron Davis,NOH,False,3-pointer,25,22-25,'NOH',trails
1027,1027,1027,200401170NOH,24.0,5.0,1st quarter,0:40.3,Baron Davis,NOH,True,2-pointer,0,24-27,'NOH',trails
1028,1028,1028,200401170NOH,24.0,5.0,1st quarter,0:20.8,Stacey Augmon,NOH,True,2-pointer,0,26-27,'NOH',trails
1029,1029,1029,200401170NOH,24.0,5.0,2nd quarter,11:16.0,Stacey Augmon,NOH,True,2-pointer,0,28-29,'NOH',trails
1030,1030,1030,200401170NOH,24.0,5.0,2nd quarter,10:56.0,Stacey Augmon,NOH,True,2-pointer,0,30-29,'NOH',leads
1031,1031,1031,200401170NOH,24.0,5.0,2nd quarter,10:19.0,Stacey Augmon,NOH,False,2-pointer,0,30-29,'NOH',leads
1032,1032,1032,200401170NOH,40.7,9.9,2nd quarter,9:54.0,Baron Davis,NOH,False,2-pointer,17,30-31,'NOH',trails
1033,1033,1033,200401170NOH,20.1,7.2,2nd quarter,9:25.0,Steve Smith,NOH,True,2-pointer,4,32-31,'NOH',leads
1034,1034,1034,200401170NOH,33.5,22.4,2nd quarter,8:42.0,Steve Smith,NOH,False,2-pointer,20,32-31,'NOH',leads
1035,1035,1035,200401170NOH,26.6,29.3,2nd quarter,6:47.0,Darrell Armstrong,NOH,False,3-pointer,24,34-36,'NOH',trails
1036,1036,1036,200401170NOH,7.6,5.2,2nd quarter,6:05.0,Baron Davis,NOH,False,2-pointer,16,34-38,'NOH',trails
1037,1037,1037,200401170NOH,0.8,9.9,2nd quarter,5:57.0,Darrell Armstrong,NOH,False,3-pointer,24,34-38,'NOH',trails
1038,1038,1038,200401170NOH,8.6,15.2,2nd quarter,5:17.0,P.J. Brown,NOH,True,2-pointer,18,36-40,'NOH',trails
1039,1039,1039,200401170NOH,24.0,5.0,2nd quarter,4:56.0,Darrell Armstrong,NOH,True,2-pointer,0,38-40,'NOH',trails
1040,1040,1040,200401170NOH,18.9,9.6,2nd quarter,3:48.0,Jamaal Magloire,NOH,False,2-pointer,7,38-42,'NOH',trails
1041,1041,1041,200401170NOH,23.8,8.6,2nd quarter,3:44.0,P.J. Brown,NOH,True,2-pointer,4,40-42,'NOH',trails
1042,1042,1042,200401170NOH,24.0,5.0,2nd quarter,3:08.0,Stacey Augmon,NOH,False,2-pointer,0,40-44,'NOH',trails
1043,1043,1043,200401170NOH,24.0,5.0,2nd quarter,3:07.0,Stacey Augmon,NOH,False,2-pointer,0,40-44,'NOH',trails
1044,1044,1044,200401170NOH,22.4,15.9,2nd quarter,2:55.0,Baron Davis,NOH,False,2-pointer,11,40-44,'NOH',trails
1045,1045,1045,200401170NOH,32.0,27.4,2nd quarter,2:03.0,Baron Davis,NOH,True,3-pointer,24,43-44,'NOH',trails
1046,1046,1046,200401170NOH,7.7,5.2,2nd quarter,1:17.0,P.J. Brown,NOH,False,2-pointer,16,43-44,'NOH',trails
1047,1047,1047,200401170NOH,11.2,25.7,2nd quarter,1:03.0,Darrell Armstrong,NOH,False,3-pointer,24,43-44,'NOH',trails
1048,1048,1048,200401170NOH,24.0,5.0,2nd quarter,0:42.1,Stacey Augmon,NOH,True,2-pointer,0,45-47,'NOH',trails
1049,1049,1049,200401170NOH,13.3,8.5,3rd quarter,11:27.0,P.J. Brown,NOH,False,2-pointer,11,45-47,'NOH',trails
1050,1050,1050,200401170NOH,47.0,9.9,3rd quarter,11:21.0,Darrell Armstrong,NOH,False,3-pointer,24,45-47,'NOH',trails
1051,1051,1051,200401170NOH,12.2,26.7,3rd quarter,11:00.0,Baron Davis,NOH,False,3-pointer,25,45-47,'NOH',trails
1052,1052,1052,200401170NOH,40.6,6.7,3rd quarter,9:41.0,George Lynch,NOH,False,2-pointer,17,47-49,'NOH',trails
1053,1053,1053,200401170NOH,47.0,15.2,3rd quarter,9:07.0,Darrell Armstrong,NOH,True,3-pointer,25,50-49,'NOH',leads
1054,1054,1054,200401170NOH,5.1,5.0,3rd quarter,8:30.0,George Lynch,NOH,True,2-pointer,19,52-51,'NOH',leads
1055,1055,1055,200401170NOH,11.5,26.9,3rd quarter,8:02.0,Baron Davis,NOH,False,3-pointer,25,52-53,'NOH',trails
1056,1056,1056,200401170NOH,1.0,5.8,3rd quarter,7:50.0,Darrell Armstrong,NOH,False,3-pointer,23,52-53,'NOH',trails
1057,1057,1057,200401170NOH,47.5,6.3,3rd quarter,7:13.0,George Lynch,NOH,False,3-pointer,24,52-56,'NOH',trails
1058,1058,1058,200401170NOH,7.7,23.4,3rd quarter,6:37.0,Darrell Armstrong,NOH,False,3-pointer,25,52-58,'NOH',trails
1059,1059,1059,200401170NOH,24.0,5.0,3rd quarter,6:11.0,Jamaal Magloire,NOH,False,2-pointer,0,52-61,'NOH',trails
1060,1060,1060,200401170NOH,24.0,5.0,3rd quarter,5:44.0,Baron Davis,NOH,True,2-pointer,0,54-61,'NOH',trails
1061,1061,1061,200401170NOH,24.0,5.0,3rd quarter,4:56.0,George Lynch,NOH,False,2-pointer,0,54-63,'NOH',trails
1062,1062,1062,200401170NOH,24.0,5.0,3rd quarter,4:55.0,Jamaal Magloire,NOH,True,2-pointer,0,56-63,'NOH',trails
1063,1063,1063,200401170NOH,30.2,11.3,3rd quarter,4:18.0,P.J. Brown,NOH,False,2-pointer,9,56-65,'NOH',trails
1064,1064,1064,200401170NOH,22.9,29.7,3rd quarter,3:05.0,Baron Davis,NOH,False,3-pointer,25,58-67,'NOH',trails
1065,1065,1065,200401170NOH,24.0,5.0,3rd quarter,1:42.0,Robert Traylor,NOH,True,2-pointer,0,62-71,'NOH',trails
1066,1066,1066,200401170NOH,24.0,5.0,3rd quarter,1:12.0,Baron Davis,NOH,False,2-pointer,0,62-71,'NOH',trails
1067,1067,1067,200401170NOH,24.0,9.5,3rd quarter,1:08.0,Baron Davis,NOH,False,2-pointer,5,62-71,'NOH',trails
1068,1068,1068,200401170NOH,24.0,5.0,3rd quarter,1:05.0,Robert Traylor,NOH,True,2-pointer,0,64-71,'NOH',trails
1069,1069,1069,200401170NOH,20.1,22.9,3rd quarter,0:01.5,Sean Rooks,NOH,False,2-pointer,18,66-75,'NOH',trails
1070,1070,1070,200401170NOH,4.5,11.6,4th quarter,11:44.0,Steve Smith,NOH,True,2-pointer,21,68-75,'NOH',trails
1071,1071,1071,200401170NOH,24.0,5.0,4th quarter,11:19.0,Robert Traylor,NOH,True,2-pointer,0,70-75,'NOH',trails
1072,1072,1072,200401170NOH,15.0,22.4,4th quarter,10:26.0,Sean Rooks,NOH,True,2-pointer,20,72-77,'NOH',trails
1073,1073,1073,200401170NOH,12.0,20.8,4th quarter,10:01.0,Darrell Armstrong,NOH,True,2-pointer,20,74-77,'NOH',trails
1074,1074,1074,200401170NOH,15.6,23.7,4th quarter,9:14.0,Sean Rooks,NOH,False,2-pointer,21,74-78,'NOH',trails
1075,1075,1075,200401170NOH,24.0,5.0,4th quarter,8:51.0,Stacey Augmon,NOH,False,2-pointer,0,74-78,'NOH',trails
1076,1076,1076,200401170NOH,24.0,5.0,4th quarter,8:48.0,Stacey Augmon,NOH,False,2-pointer,0,74-78,'NOH',trails
1077,1077,1077,200401170NOH,24.0,5.0,4th quarter,8:46.0,Robert Traylor,NOH,True,2-pointer,0,76-78,'NOH',trails
1078,1078,1078,200401170NOH,36.5,18.3,4th quarter,8:00.0,Robert Traylor,NOH,False,2-pointer,18,76-78,'NOH',trails
1079,1079,1079,200401170NOH,24.0,5.0,4th quarter,7:46.0,Robert Traylor,NOH,True,2-pointer,0,78-78,'NOH',tied
1080,1080,1080,200401170NOH,8.9,25.1,4th quarter,6:55.0,Darrell Armstrong,NOH,False,3-pointer,25,78-80,'NOH',trails
1081,1081,1081,200401170NOH,9.9,26.0,4th quarter,6:24.0,Steve Smith,NOH,True,3-pointer,25,81-80,'NOH',leads
1082,1082,1082,200401170NOH,13.3,23.3,4th quarter,5:03.0,Steve Smith,NOH,True,2-pointer,21,83-84,'NOH',trails
1083,1083,1083,200401170NOH,24.0,5.0,4th quarter,4:34.0,Baron Davis,NOH,True,2-pointer,0,85-84,'NOH',leads
1084,1084,1084,200401170NOH,10.5,19.1,4th quarter,3:52.0,Robert Traylor,NOH,True,2-pointer,20,87-86,'NOH',leads
1085,1085,1085,200401170NOH,17.4,28.5,4th quarter,3:16.0,Baron Davis,NOH,False,3-pointer,24,87-86,'NOH',leads
1086,1086,1086,200401170NOH,29.6,10.8,4th quarter,2:39.0,Steve Smith,NOH,True,2-pointer,8,89-88,'NOH',leads
1087,1087,1087,200401170NOH,37.5,10.6,4th quarter,2:10.0,Stacey Augmon,NOH,True,2-pointer,15,91-88,'NOH',leads
1088,1088,1088,200401170NOH,13.2,10.3,4th quarter,1:35.0,P.J. Brown,NOH,False,2-pointer,12,91-88,'NOH',leads
1089,1089,1089,200401170NOH,13.7,22.8,4th quarter,0:46.9,Robert Traylor,NOH,False,2-pointer,21,91-90,'NOH',leads
1090,1090,1090,200401170NOH,21.1,14.5,4th quarter,0:24.9,Baron Davis,NOH,False,2-pointer,10,91-90,'NOH',leads
1091,1091,1091,200401170PHI,24.0,5.0,1st quarter,11:16.0,Pau Gasol,MEM,False,2-pointer,0,0-1,'MEM',trails
1092,1092,1092,200401170PHI,21.2,8.1,1st quarter,11:15.0,Lorenzen Wright,MEM,True,2-pointer,4,2-1,'MEM',leads
1093,1093,1093,200401170PHI,24.0,5.0,1st quarter,10:46.0,James Posey,MEM,False,2-pointer,0,2-3,'MEM',trails
1094,1094,1094,200401170PHI,12.3,26.9,1st quarter,10:22.0,James Posey,MEM,True,3-pointer,25,5-5,'MEM',tied
1095,1095,1095,200401170PHI,6.8,24.4,1st quarter,9:52.0,Jason Williams,MEM,True,3-pointer,26,8-5,'MEM',leads
1096,1096,1096,200401170PHI,36.3,10.8,1st quarter,9:15.0,Lorenzen Wright,MEM,True,2-pointer,14,10-5,'MEM',leads
1097,1097,1097,200401170PHI,17.3,17.8,1st quarter,8:41.0,Lorenzen Wright,MEM,True,2-pointer,14,12-5,'MEM',leads
1098,1098,1098,200401170PHI,37.8,25.9,1st quarter,8:09.0,Jason Williams,MEM,True,3-pointer,25,15-8,'MEM',leads
1099,1099,1099,200401170PHI,47.2,3.1,1st quarter,7:46.0,James Posey,MEM,False,3-pointer,23,15-11,'MEM',leads
1100,1100,1100,200401170PHI,11.2,2.2,1st quarter,7:41.0,Jason Williams,MEM,True,2-pointer,13,17-11,'MEM',leads
1101,1101,1101,200401170PHI,29.7,16.5,1st quarter,7:12.0,Lorenzen Wright,MEM,False,2-pointer,13,17-13,'MEM',leads
1102,1102,1102,200401170PHI,24.0,5.0,1st quarter,7:01.0,James Posey,MEM,False,2-pointer,0,17-13,'MEM',leads
1103,1103,1103,200401170PHI,-0.5,3.4,1st quarter,6:48.0,James Posey,MEM,False,3-pointer,25,17-13,'MEM',leads
1104,1104,1104,200401170PHI,24.0,31.1,1st quarter,6:34.0,Jason Williams,MEM,False,3-pointer,26,17-13,'MEM',leads
1105,1105,1105,200401170PHI,24.0,5.0,1st quarter,5:54.0,Shane Battier,MEM,True,2-pointer,0,20-16,'MEM',leads
1106,1106,1106,200401170PHI,22.9,18.8,1st quarter,5:34.0,Stromile Swift,MEM,False,2-pointer,14,20-16,'MEM',leads
1107,1107,1107,200401170PHI,23.5,8.3,1st quarter,5:30.0,Shane Battier,MEM,True,2-pointer,3,22-16,'MEM',leads
1108,1108,1108,200401170PHI,24.0,5.0,1st quarter,5:08.0,Jason Williams,MEM,False,2-pointer,0,22-16,'MEM',leads
1109,1109,1109,200401170PHI,12.5,3.1,1st quarter,3:50.0,Lorenzen Wright,MEM,False,2-pointer,12,23-20,'MEM',leads
1110,1110,1110,200401170PHI,24.0,5.0,1st quarter,3:47.0,Shane Battier,MEM,False,2-pointer,0,23-20,'MEM',leads
1111,1111,1111,200401170PHI,31.1,3.2,1st quarter,3:18.0,Bonzi Wells,MEM,False,2-pointer,7,23-22,'MEM',leads
1112,1112,1112,200401170PHI,24.0,5.0,1st quarter,3:13.0,Shane Battier,MEM,True,2-pointer,0,25-22,'MEM',leads
1113,1113,1113,200401170PHI,24.0,5.0,1st quarter,2:43.0,Bonzi Wells,MEM,False,2-pointer,0,25-24,'MEM',leads
1114,1114,1114,200401170PHI,11.5,15.9,1st quarter,2:39.0,Bonzi Wells,MEM,False,2-pointer,17,25-24,'MEM',leads
1115,1115,1115,200401170PHI,16.1,2.9,1st quarter,2:15.0,Stromile Swift,MEM,True,2-pointer,8,27-24,'MEM',leads
1116,1116,1116,200401170PHI,24.0,5.0,1st quarter,1:45.0,Shane Battier,MEM,True,2-pointer,0,29-26,'MEM',leads
1117,1117,1117,200401170PHI,24.0,5.0,1st quarter,1:18.0,Bo Outlaw,MEM,True,2-pointer,0,31-26,'MEM',leads
1118,1118,1118,200401170PHI,32.4,4.7,1st quarter,0:40.9,Shane Battier,MEM,False,2-pointer,8,31-29,'MEM',leads
1119,1119,1119,200401170PHI,5.9,1.3,1st quarter,0:15.5,Bonzi Wells,MEM,True,2-pointer,18,33-29,'MEM',leads
1120,1120,1120,200401170PHI,23.4,16.4,2nd quarter,11:37.0,Bonzi Wells,MEM,False,2-pointer,11,33-29,'MEM',leads
1121,1121,1121,200401170PHI,23.4,11.4,2nd quarter,11:08.0,Bo Outlaw,MEM,False,2-pointer,6,33-29,'MEM',leads
1122,1122,1122,200401170PHI,9.1,13.9,2nd quarter,10:25.0,James Posey,MEM,False,2-pointer,17,33-31,'MEM',leads
1123,1123,1123,200401170PHI,23.5,18.8,2nd quarter,9:51.0,Earl Watson,MEM,True,2-pointer,14,35-33,'MEM',leads
1124,1124,1124,200401170PHI,24.0,5.0,2nd quarter,9:26.0,James Posey,MEM,True,2-pointer,0,37-33,'MEM',leads
1125,1125,1125,200401170PHI,46.8,6.3,2nd quarter,8:33.0,Bonzi Wells,MEM,False,3-pointer,23,37-35,'MEM',leads
1126,1126,1126,200401170PHI,-0.5,2.9,2nd quarter,7:33.0,James Posey,MEM,True,3-pointer,25,40-39,'MEM',leads
1127,1127,1127,200401170PHI,25.3,30.0,2nd quarter,6:56.0,Jason Williams,MEM,False,3-pointer,25,40-39,'MEM',leads
1128,1128,1128,200401170PHI,24.0,5.0,2nd quarter,6:29.0,James Posey,MEM,True,2-pointer,0,42-42,'MEM',tied
1129,1129,1129,200401170PHI,38.0,3.1,2nd quarter,5:18.0,Shane Battier,MEM,False,2-pointer,14,42-44,'MEM',trails
1130,1130,1130,200401170PHI,7.7,6.2,2nd quarter,4:34.0,Pau Gasol,MEM,True,2-pointer,16,44-46,'MEM',trails
1131,1131,1131,200401170PHI,33.4,7.8,2nd quarter,4:07.0,Lorenzen Wright,MEM,True,2-pointer,10,46-46,'MEM',tied
1132,1132,1132,200401170PHI,24.0,5.0,2nd quarter,3:26.0,Shane Battier,MEM,False,2-pointer,0,46-46,'MEM',tied
1133,1133,1133,200401170PHI,24.1,8.3,2nd quarter,2:58.0,Lorenzen Wright,MEM,False,2-pointer,3,46-48,'MEM',trails
1134,1134,1134,200401170PHI,24.0,5.0,2nd quarter,2:57.0,Pau Gasol,MEM,True,2-pointer,0,48-48,'MEM',tied
1135,1135,1135,200401170PHI,16.3,10.9,2nd quarter,2:24.0,Pau Gasol,MEM,False,2-pointer,10,48-48,'MEM',tied
1136,1136,1136,200401170PHI,4.1,15.4,2nd quarter,2:08.0,Jason Williams,MEM,False,2-pointer,22,48-48,'MEM',tied
1137,1137,1137,200401170PHI,40.7,15.0,2nd quarter,2:04.0,Bonzi Wells,MEM,False,2-pointer,19,48-48,'MEM',tied
1138,1138,1138,200401170PHI,25.3,25.7,2nd quarter,1:20.0,Bonzi Wells,MEM,False,2-pointer,21,48-50,'MEM',trails
1139,1139,1139,200401170PHI,4.9,24.6,2nd quarter,0:39.9,Jason Williams,MEM,False,3-pointer,27,48-52,'MEM',trails
1140,1140,1140,200401170PHI,24.0,5.0,3rd quarter,11:44.0,Pau Gasol,MEM,True,2-pointer,0,51-55,'MEM',trails
1141,1141,1141,200401170PHI,24.0,5.0,3rd quarter,11:07.0,Lorenzen Wright,MEM,False,2-pointer,0,51-55,'MEM',trails
1142,1142,1142,200401170PHI,24.0,5.0,3rd quarter,10:47.0,Pau Gasol,MEM,True,2-pointer,0,55-55,'MEM',tied
1143,1143,1143,200401170PHI,39.3,10.6,3rd quarter,8:58.0,Lorenzen Wright,MEM,True,2-pointer,16,57-57,'MEM',tied
1144,1144,1144,200401170PHI,24.0,5.0,3rd quarter,8:32.0,James Posey,MEM,True,2-pointer,0,59-59,'MEM',tied
1145,1145,1145,200401170PHI,10.9,14.1,3rd quarter,7:08.0,Pau Gasol,MEM,False,2-pointer,16,59-63,'MEM',trails
1146,1146,1146,200401170PHI,24.0,5.0,3rd quarter,7:04.0,James Posey,MEM,False,2-pointer,0,59-63,'MEM',trails
1147,1147,1147,200401170PHI,41.7,8.6,3rd quarter,6:13.0,Mike Miller,MEM,False,2-pointer,18,60-63,'MEM',trails
1148,1148,1148,200401170PHI,8.9,7.5,3rd quarter,4:59.0,Stromile Swift,MEM,False,2-pointer,15,62-65,'MEM',trails
1149,1149,1149,200401170PHI,9.2,9.6,3rd quarter,4:28.0,Pau Gasol,MEM,True,2-pointer,16,64-66,'MEM',trails
1150,1150,1150,200401170PHI,24.0,5.0,3rd quarter,2:59.0,Bonzi Wells,MEM,True,2-pointer,0,68-70,'MEM',trails
1151,1151,1151,200401170PHI,24.0,5.0,3rd quarter,2:29.0,Bo Outlaw,MEM,False,2-pointer,0,69-73,'MEM',trails
1152,1152,1152,200401170PHI,7.9,6.8,3rd quarter,2:05.0,Bonzi Wells,MEM,False,2-pointer,16,69-73,'MEM',trails
1153,1153,1153,200401170PHI,24.0,5.0,3rd quarter,1:53.0,Bo Outlaw,MEM,True,2-pointer,0,71-73,'MEM',trails
1154,1154,1154,200401170PHI,28.6,5.0,3rd quarter,1:29.0,Bonzi Wells,MEM,False,2-pointer,5,71-73,'MEM',trails
1155,1155,1155,200401170PHI,38.8,5.3,3rd quarter,0:55.8,Shane Battier,MEM,False,2-pointer,15,71-73,'MEM',trails
1156,1156,1156,200401170PHI,24.1,23.1,3rd quarter,0:26.9,Mike Miller,MEM,False,2-pointer,18,71-73,'MEM',trails
1157,1157,1157,200401170PHI,4.8,4.5,4th quarter,11:21.0,James Posey,MEM,False,2-pointer,19,72-75,'MEM',trails
1158,1158,1158,200401170PHI,24.0,5.0,4th quarter,10:46.0,Bo Outlaw,MEM,False,2-pointer,0,72-75,'MEM',trails
1159,1159,1159,200401170PHI,37.6,15.0,4th quarter,10:17.0,Lorenzen Wright,MEM,False,2-pointer,17,72-75,'MEM',trails
1160,1160,1160,200401170PHI,24.0,13.7,4th quarter,9:37.0,Bonzi Wells,MEM,True,2-pointer,9,74-77,'MEM',trails
1161,1161,1161,200401170PHI,24.0,5.0,4th quarter,8:14.0,James Posey,MEM,True,2-pointer,0,76-77,'MEM',trails
1162,1162,1162,200401170PHI,39.9,6.5,4th quarter,7:45.0,Bonzi Wells,MEM,False,2-pointer,16,76-77,'MEM',trails
1163,1163,1163,200401170PHI,34.5,5.0,4th quarter,7:11.0,Lorenzen Wright,MEM,True,2-pointer,11,78-78,'MEM',tied
1164,1164,1164,200401170PHI,24.0,5.0,4th quarter,5:54.0,Stromile Swift,MEM,False,2-pointer,0,78-82,'MEM',trails
1165,1165,1165,200401170PHI,24.0,5.0,4th quarter,5:28.0,Stromile Swift,MEM,False,2-pointer,0,78-84,'MEM',trails
1166,1166,1166,200401170PHI,37.1,10.3,4th quarter,5:05.0,Bonzi Wells,MEM,False,2-pointer,14,78-84,'MEM',trails
1167,1167,1167,200401170PHI,41.9,13.9,4th quarter,3:14.0,Shane Battier,MEM,False,2-pointer,20,81-84,'MEM',trails
1168,1168,1168,200401170PHI,42.6,3.9,4th quarter,2:47.0,Mike Miller,MEM,True,2-pointer,19,83-84,'MEM',trails
1169,1169,1169,200401170PHI,5.1,4.5,4th quarter,2:04.0,Pau Gasol,MEM,True,2-pointer,19,85-86,'MEM',trails
1170,1170,1170,200401170PHI,23.4,10.4,4th quarter,1:04.0,Pau Gasol,MEM,True,2-pointer,5,87-86,'MEM',leads
1171,1171,1171,200401170PHI,24.0,5.0,4th quarter,0:36.6,Mike Miller,MEM,True,2-pointer,0,89-87,'MEM',leads
1172,1172,1172,200401170PHI,24.0,5.0,1st quarter,11:40.0,Derrick Coleman,PHI,False,2-pointer,0,0-0,'MEM',tied
1173,1173,1173,200401170PHI,24.0,5.0,1st quarter,11:37.0,Derrick Coleman,PHI,False,2-pointer,0,0-0,'MEM',tied
1174,1174,1174,200401170PHI,22.9,9.1,1st quarter,11:02.0,Glenn Robinson,PHI,True,2-pointer,4,3-2,'MEM',leads
1175,1175,1175,200401170PHI,24.0,5.0,1st quarter,10:41.0,Samuel Dalembert,PHI,True,2-pointer,0,5-2,'MEM',leads
1176,1176,1176,200401170PHI,24.0,5.0,1st quarter,9:58.0,Allen Iverson,PHI,False,2-pointer,0,5-5,'MEM',tied
1177,1177,1177,200401170PHI,24.0,5.0,1st quarter,9:28.0,Allen Iverson,PHI,False,2-pointer,0,5-8,'MEM',trails
1178,1178,1178,200401170PHI,24.0,5.0,1st quarter,8:28.0,Derrick Coleman,PHI,True,2-pointer,0,7-12,'MEM',trails
1179,1179,1179,200401170PHI,27.3,8.3,1st quarter,7:57.0,Samuel Dalembert,PHI,True,2-pointer,5,10-15,'MEM',trails
1180,1180,1180,200401170PHI,6.3,1.4,1st quarter,7:26.0,Allen Iverson,PHI,True,2-pointer,18,13-17,'MEM',trails
1181,1181,1181,200401170PHI,6.3,22.6,1st quarter,6:17.0,Glenn Robinson,PHI,True,3-pointer,25,16-17,'MEM',trails
1182,1182,1182,200401170PHI,24.0,5.0,1st quarter,5:12.0,Allen Iverson,PHI,False,2-pointer,0,16-22,'MEM',trails
1183,1183,1183,200401170PHI,24.0,5.0,1st quarter,5:01.0,Allen Iverson,PHI,True,2-pointer,0,18-22,'MEM',trails
1184,1184,1184,200401170PHI,7.4,9.0,1st quarter,4:26.0,Glenn Robinson,PHI,False,2-pointer,17,18-23,'MEM',trails
1185,1185,1185,200401170PHI,14.5,11.3,1st quarter,3:40.0,Derrick Coleman,PHI,True,2-pointer,11,22-23,'MEM',trails
1186,1186,1186,200401170PHI,15.5,6.0,1st quarter,3:02.0,Glenn Robinson,PHI,True,2-pointer,9,24-25,'MEM',trails
1187,1187,1187,200401170PHI,9.9,24.7,1st quarter,2:32.0,Kyle Korver,PHI,False,3-pointer,24,24-25,'MEM',trails
1188,1188,1188,200401170PHI,8.9,27.7,1st quarter,2:00.0,Allen Iverson,PHI,False,3-pointer,27,24-27,'MEM',trails
1189,1189,1189,200401170PHI,33.8,27.0,1st quarter,0:52.9,Aaron McKie,PHI,True,3-pointer,24,29-31,'MEM',trails
1190,1190,1190,200401170PHI,16.1,5.3,1st quarter,0:33.9,Allen Iverson,PHI,False,2-pointer,8,29-31,'MEM',trails
1191,1191,1191,200401170PHI,34.7,26.9,1st quarter,0:00.0,Aaron McKie,PHI,False,3-pointer,24,29-33,'MEM',trails
1192,1192,1192,200401170PHI,46.8,6.7,2nd quarter,11:23.0,Kyle Korver,PHI,False,3-pointer,23,29-33,'MEM',trails
1193,1193,1193,200401170PHI,24.0,5.0,2nd quarter,11:00.0,John Salmons,PHI,True,2-pointer,0,31-33,'MEM',trails
1194,1194,1194,200401170PHI,24.0,5.0,2nd quarter,10:06.0,Allen Iverson,PHI,True,2-pointer,0,33-33,'MEM',tied
1195,1195,1195,200401170PHI,33.8,28.2,2nd quarter,8:56.0,John Salmons,PHI,False,3-pointer,25,33-37,'MEM',trails
1196,1196,1196,200401170PHI,24.0,5.0,2nd quarter,8:53.0,Amal McCaskill,PHI,False,2-pointer,0,33-37,'MEM',trails
1197,1197,1197,200401170PHI,24.0,5.0,2nd quarter,8:51.0,Amal McCaskill,PHI,True,2-pointer,0,35-37,'MEM',trails
1198,1198,1198,200401170PHI,24.0,5.0,2nd quarter,8:13.0,Eric Snow,PHI,True,2-pointer,0,37-37,'MEM',tied
1199,1199,1199,200401170PHI,4.5,2.7,2nd quarter,7:51.0,Glenn Robinson,PHI,True,2-pointer,20,39-37,'MEM',leads
1200,1200,1200,200401170PHI,7.7,9.9,2nd quarter,7:11.0,Glenn Robinson,PHI,False,2-pointer,17,39-40,'MEM',trails
1201,1201,1201,200401170PHI,24.0,8.1,2nd quarter,6:43.0,Glenn Robinson,PHI,True,2-pointer,3,41-40,'MEM',leads
1202,1202,1202,200401170PHI,25.8,5.8,2nd quarter,6:10.0,Glenn Robinson,PHI,True,2-pointer,2,44-42,'MEM',leads
1203,1203,1203,200401170PHI,24.0,5.0,2nd quarter,5:47.0,Eric Snow,PHI,False,2-pointer,0,44-42,'MEM',leads
1204,1204,1204,200401170PHI,23.4,29.2,2nd quarter,5:39.0,John Salmons,PHI,False,3-pointer,24,44-42,'MEM',leads
1205,1205,1205,200401170PHI,24.0,5.0,2nd quarter,4:42.0,Eric Snow,PHI,False,2-pointer,0,46-42,'MEM',leads
1206,1206,1206,200401170PHI,10.7,7.8,2nd quarter,3:18.0,Allen Iverson,PHI,True,2-pointer,14,48-46,'MEM',leads
1207,1207,1207,200401170PHI,24.0,5.0,2nd quarter,2:37.0,Derrick Coleman,PHI,False,2-pointer,0,48-48,'MEM',tied
1208,1208,1208,200401170PHI,24.0,5.0,2nd quarter,2:16.0,Allen Iverson,PHI,False,2-pointer,0,48-48,'MEM',tied
1209,1209,1209,200401170PHI,25.3,7.8,2nd quarter,1:46.0,Glenn Robinson,PHI,False,2-pointer,3,48-48,'MEM',tied
1210,1210,1210,200401170PHI,23.8,9.5,2nd quarter,1:44.0,Glenn Robinson,PHI,True,2-pointer,5,50-48,'MEM',leads
1211,1211,1211,200401170PHI,33.8,14.5,2nd quarter,1:06.0,Allen Iverson,PHI,True,2-pointer,14,52-48,'MEM',leads
1212,1212,1212,200401170PHI,42.9,20.5,2nd quarter,0:30.5,Allen Iverson,PHI,True,3-pointer,24,55-48,'MEM',leads
1213,1213,1213,200401170PHI,36.8,6.0,2nd quarter,0:00.8,Allen Iverson,PHI,False,2-pointer,13,55-49,'MEM',leads
1214,1214,1214,200401170PHI,18.6,16.2,3rd quarter,11:24.0,Glenn Robinson,PHI,False,2-pointer,12,55-51,'MEM',leads
1215,1215,1215,200401170PHI,33.7,17.3,3rd quarter,10:50.0,Derrick Coleman,PHI,False,2-pointer,16,55-53,'MEM',leads
1216,1216,1216,200401170PHI,24.0,5.0,3rd quarter,9:40.0,Eric Snow,PHI,False,2-pointer,0,55-55,'MEM',tied
1217,1217,1217,200401170PHI,24.0,5.0,3rd quarter,9:16.0,Samuel Dalembert,PHI,True,2-pointer,0,57-55,'MEM',leads
1218,1218,1218,200401170PHI,24.0,5.0,3rd quarter,8:46.0,Allen Iverson,PHI,True,2-pointer,0,59-57,'MEM',leads
1219,1219,1219,200401170PHI,22.2,11.9,3rd quarter,8:10.0,Eric Snow,PHI,False,2-pointer,7,59-59,'MEM',tied
1220,1220,1220,200401170PHI,24.0,5.0,3rd quarter,8:07.0,Samuel Dalembert,PHI,True,2-pointer,0,61-59,'MEM',leads
1221,1221,1221,200401170PHI,13.7,17.2,3rd quarter,7:26.0,Glenn Robinson,PHI,True,2-pointer,16,63-59,'MEM',leads
1222,1222,1222,200401170PHI,40.6,6.5,3rd quarter,6:34.0,Allen Iverson,PHI,False,2-pointer,17,63-60,'MEM',leads
1223,1223,1223,200401170PHI,24.0,5.0,3rd quarter,6:06.0,Allen Iverson,PHI,True,2-pointer,0,65-60,'MEM',leads
1224,1224,1224,200401170PHI,8.1,16.4,3rd quarter,5:39.0,Glenn Robinson,PHI,False,2-pointer,20,65-60,'MEM',leads
1225,1225,1225,200401170PHI,6.1,6.8,3rd quarter,5:15.0,Derrick Coleman,PHI,False,2-pointer,18,65-62,'MEM',leads
1226,1226,1226,200401170PHI,24.0,5.0,3rd quarter,4:03.0,Eric Snow,PHI,False,2-pointer,0,66-64,'MEM',leads
1227,1227,1227,200401170PHI,33.0,4.2,3rd quarter,3:38.0,Samuel Dalembert,PHI,True,2-pointer,9,68-66,'MEM',leads
1228,1228,1228,200401170PHI,7.1,12.1,3rd quarter,3:13.0,Allen Iverson,PHI,True,2-pointer,18,70-66,'MEM',leads
1229,1229,1229,200401170PHI,37.1,26.9,3rd quarter,2:46.0,Allen Iverson,PHI,True,3-pointer,26,73-69,'MEM',leads
1230,1230,1230,200401170PHI,3.8,22.6,3rd quarter,2:22.0,Allen Iverson,PHI,False,3-pointer,27,73-69,'MEM',leads
1231,1231,1231,200401170PHI,36.5,27.4,3rd quarter,1:18.0,Kyle Korver,PHI,False,3-pointer,26,73-71,'MEM',leads
1232,1232,1232,200401170PHI,0.2,2.7,3rd quarter,0:44.9,Aaron McKie,PHI,False,3-pointer,24,73-71,'MEM',leads
1233,1233,1233,200401170PHI,2.8,21.8,3rd quarter,0:00.0,Aaron McKie,PHI,False,3-pointer,27,73-72,'MEM',leads
1234,1234,1234,200401170PHI,10.2,15.2,4th quarter,11:40.0,Allen Iverson,PHI,True,2-pointer,17,75-72,'MEM',leads
1235,1235,1235,200401170PHI,24.0,19.0,4th quarter,10:40.0,Allen Iverson,PHI,False,2-pointer,14,75-72,'MEM',leads
1236,1236,1236,200401170PHI,24.0,5.0,4th quarter,10:00.0,Amal McCaskill,PHI,False,2-pointer,0,75-72,'MEM',leads
1237,1237,1237,200401170PHI,24.0,5.0,4th quarter,9:58.0,Amal McCaskill,PHI,True,2-pointer,0,77-72,'MEM',leads
1238,1238,1238,200401170PHI,24.0,5.0,4th quarter,9:20.0,Aaron McKie,PHI,False,2-pointer,0,77-74,'MEM',leads
1239,1239,1239,200401170PHI,8.2,14.5,4th quarter,8:50.0,Glenn Robinson,PHI,False,2-pointer,18,77-74,'MEM',leads
1240,1240,1240,200401170PHI,24.0,5.0,4th quarter,8:45.0,Amal McCaskill,PHI,False,2-pointer,0,77-74,'MEM',leads
1241,1241,1241,200401170PHI,24.0,5.0,4th quarter,7:54.0,Aaron McKie,PHI,False,2-pointer,0,77-76,'MEM',leads
1242,1242,1242,200401170PHI,7.6,10.1,4th quarter,5:48.0,Glenn Robinson,PHI,True,2-pointer,17,84-78,'MEM',leads
1243,1243,1243,200401170PHI,34.5,6.2,4th quarter,4:55.0,Glenn Robinson,PHI,False,2-pointer,11,84-78,'MEM',leads
1244,1244,1244,200401170PHI,20.1,31.3,4th quarter,4:25.0,Allen Iverson,PHI,False,3-pointer,27,84-78,'MEM',leads
1245,1245,1245,200401170PHI,24.0,5.0,4th quarter,2:56.0,Allen Iverson,PHI,False,2-pointer,0,84-81,'MEM',leads
1246,1246,1246,200401170PHI,24.0,5.0,4th quarter,2:28.0,Allen Iverson,PHI,True,2-pointer,0,86-83,'MEM',leads
1247,1247,1247,200401170PHI,5.4,4.7,4th quarter,1:38.0,Allen Iverson,PHI,False,2-pointer,19,86-85,'MEM',leads
1248,1248,1248,200401170PHI,24.0,5.0,4th quarter,1:26.0,Allen Iverson,PHI,False,2-pointer,0,86-85,'MEM',leads
1249,1249,1249,200401170PHI,24.8,14.9,4th quarter,0:24.9,Allen Iverson,PHI,False,2-pointer,10,87-89,'MEM',trails
1250,1250,1250,200401170PHI,10.4,29.0,4th quarter,0:19.9,Kyle Korver,PHI,False,3-pointer,28,87-90,'MEM',trails
1251,1251,1251,200401170PHI,36.3,28.5,4th quarter,0:10.9,Derrick Coleman,PHI,False,3-pointer,27,87-91,'MEM',trails
1252,1252,1252,200401170POR,15.8,4.4,1st quarter,11:00.0,Antoine Walker,DAL,True,2-pointer,8,2-0,'POR',leads
1253,1253,1253,200401170POR,7.4,14.5,1st quarter,9:59.0,Michael Finley,DAL,False,2-pointer,19,2-0,'POR',leads
1254,1254,1254,200401170POR,9.5,14.7,1st quarter,9:29.0,Antoine Walker,DAL,False,2-pointer,17,2-0,'POR',leads
1255,1255,1255,200401170POR,40.1,7.5,1st quarter,9:14.0,Dirk Nowitzki,DAL,True,2-pointer,16,4-2,'POR',leads
1256,1256,1256,200401170POR,36.5,19.6,1st quarter,8:47.0,Dirk Nowitzki,DAL,True,2-pointer,19,6-5,'POR',leads
1257,1257,1257,200401170POR,45.5,15.4,1st quarter,8:07.0,Dirk Nowitzki,DAL,False,3-pointer,24,6-5,'POR',leads
1258,1258,1258,200401170POR,32.7,19.8,1st quarter,7:37.0,Antoine Walker,DAL,False,2-pointer,17,6-5,'POR',leads
1259,1259,1259,200401170POR,45.0,4.5,1st quarter,7:12.0,Dirk Nowitzki,DAL,False,2-pointer,21,6-7,'POR',trails
1260,1260,1260,200401170POR,20.2,27.7,1st quarter,6:55.0,Michael Finley,DAL,True,2-pointer,23,8-7,'POR',leads
1261,1261,1261,200401170POR,9.2,5.0,1st quarter,6:26.0,Michael Finley,DAL,True,2-pointer,15,10-10,'POR',tied
1262,1262,1262,200401170POR,24.0,5.0,1st quarter,6:11.0,Antawn Jamison,DAL,True,2-pointer,0,12-10,'POR',leads
1263,1263,1263,200401170POR,13.5,21.0,1st quarter,5:26.0,Dirk Nowitzki,DAL,False,2-pointer,19,12-10,'POR',leads
1264,1264,1264,200401170POR,24.0,5.0,1st quarter,5:08.0,Antawn Jamison,DAL,True,2-pointer,0,14-11,'POR',leads
1265,1265,1265,200401170POR,14.5,21.4,1st quarter,4:26.0,Josh Howard,DAL,False,2-pointer,19,14-13,'POR',leads
1266,1266,1266,200401170POR,42.4,17.0,1st quarter,4:20.0,Dirk Nowitzki,DAL,False,2-pointer,22,14-13,'POR',leads
1267,1267,1267,200401170POR,24.0,5.0,1st quarter,4:02.0,Antoine Walker,DAL,True,2-pointer,0,16-13,'POR',leads
1268,1268,1268,200401170POR,39.9,4.2,1st quarter,3:35.0,Antawn Jamison,DAL,True,2-pointer,16,18-16,'POR',leads
1269,1269,1269,200401170POR,24.0,5.0,1st quarter,3:13.0,Josh Howard,DAL,True,2-pointer,0,20-19,'POR',leads
1270,1270,1270,200401170POR,7.7,17.7,1st quarter,2:40.0,Josh Howard,DAL,False,2-pointer,21,20-22,'POR',trails
1271,1271,1271,200401170POR,24.0,5.0,1st quarter,2:37.0,Antawn Jamison,DAL,False,2-pointer,0,20-22,'POR',trails
1272,1272,1272,200401170POR,43.5,10.1,1st quarter,2:20.0,Dirk Nowitzki,DAL,True,2-pointer,20,22-22,'POR',tied
1273,1273,1273,200401170POR,44.2,8.1,1st quarter,1:22.0,Antawn Jamison,DAL,False,2-pointer,20,23-26,'POR',trails
1274,1274,1274,200401170POR,30.6,6.0,1st quarter,1:16.0,Antawn Jamison,DAL,True,2-pointer,7,25-26,'POR',trails
1275,1275,1275,200401170POR,32.2,6.3,1st quarter,0:43.0,Danny Fortson,DAL,True,2-pointer,8,27-28,'POR',trails
1276,1276,1276,200401170POR,30.4,5.0,1st quarter,0:05.8,Antawn Jamison,DAL,False,2-pointer,6,27-31,'POR',trails
1277,1277,1277,200401170POR,24.0,5.0,2nd quarter,11:23.0,Josh Howard,DAL,True,2-pointer,0,29-34,'POR',trails
1278,1278,1278,200401170POR,1.0,5.0,2nd quarter,10:56.0,Michael Finley,DAL,False,3-pointer,23,29-36,'POR',trails
1279,1279,1279,200401170POR,46.7,12.9,2nd quarter,10:21.0,Dirk Nowitzki,DAL,True,3-pointer,24,32-38,'POR',trails
1280,1280,1280,200401170POR,41.1,22.1,2nd quarter,9:51.0,Michael Finley,DAL,True,3-pointer,24,35-38,'POR',trails
1281,1281,1281,200401170POR,24.0,5.0,2nd quarter,9:29.0,Antawn Jamison,DAL,True,2-pointer,0,37-38,'POR',trails
1282,1282,1282,200401170POR,23.8,9.6,2nd quarter,9:00.0,Antawn Jamison,DAL,False,2-pointer,5,37-40,'POR',trails
1283,1283,1283,200401170POR,14.0,27.7,2nd quarter,7:52.0,Michael Finley,DAL,False,3-pointer,25,39-45,'POR',trails
1284,1284,1284,200401170POR,24.0,5.0,2nd quarter,7:20.0,Michael Finley,DAL,True,2-pointer,0,41-47,'POR',trails
1285,1285,1285,200401170POR,24.0,5.0,2nd quarter,6:39.0,Antoine Walker,DAL,True,2-pointer,0,43-47,'POR',trails
1286,1286,1286,200401170POR,16.5,11.1,2nd quarter,6:22.0,Michael Finley,DAL,False,2-pointer,10,43-49,'POR',trails
1287,1287,1287,200401170POR,24.0,5.0,2nd quarter,5:34.0,Dirk Nowitzki,DAL,True,2-pointer,0,45-51,'POR',trails
1288,1288,1288,200401170POR,28.7,5.5,2nd quarter,4:53.0,Josh Howard,DAL,False,2-pointer,5,45-53,'POR',trails
1289,1289,1289,200401170POR,24.0,5.0,2nd quarter,4:51.0,Shawn Bradley,DAL,True,2-pointer,0,47-53,'POR',trails
1290,1290,1290,200401170POR,25.1,18.7,2nd quarter,3:45.0,Michael Finley,DAL,False,2-pointer,14,47-55,'POR',trails
1291,1291,1291,200401170POR,16.1,4.5,2nd quarter,3:17.0,Josh Howard,DAL,False,2-pointer,8,49-55,'POR',trails
1292,1292,1292,200401170POR,14.6,27.9,2nd quarter,2:53.0,Dirk Nowitzki,DAL,False,3-pointer,25,49-57,'POR',trails
1293,1293,1293,200401170POR,24.0,5.0,2nd quarter,2:21.0,Michael Finley,DAL,False,2-pointer,0,49-60,'POR',trails
1294,1294,1294,200401170POR,41.4,6.2,2nd quarter,0:43.4,Michael Finley,DAL,True,2-pointer,17,57-64,'POR',trails
1295,1295,1295,200401170POR,17.3,8.1,2nd quarter,0:05.6,Michael Finley,DAL,True,2-pointer,7,59-66,'POR',trails
1296,1296,1296,200401170POR,28.1,24.7,3rd quarter,11:42.0,Dirk Nowitzki,DAL,False,2-pointer,20,59-68,'POR',trails
1297,1297,1297,200401170POR,24.0,5.0,3rd quarter,11:06.0,Michael Finley,DAL,True,2-pointer,0,61-70,'POR',trails
1298,1298,1298,200401170POR,24.0,5.0,3rd quarter,10:44.0,Antoine Walker,DAL,False,2-pointer,0,61-70,'POR',trails
1299,1299,1299,200401170POR,24.0,5.0,3rd quarter,10:42.0,Danny Fortson,DAL,True,2-pointer,0,63-70,'POR',trails
1300,1300,1300,200401170POR,5.1,19.8,3rd quarter,9:55.0,Antoine Walker,DAL,False,3-pointer,24,63-70,'POR',trails
1301,1301,1301,200401170POR,24.0,5.0,3rd quarter,8:30.0,Danny Fortson,DAL,True,2-pointer,0,65-71,'POR',trails
1302,1302,1302,200401170POR,24.0,5.0,3rd quarter,8:06.0,Dirk Nowitzki,DAL,True,2-pointer,0,67-71,'POR',trails
1303,1303,1303,200401170POR,4.1,7.2,3rd quarter,7:26.0,Michael Finley,DAL,True,2-pointer,20,69-73,'POR',trails
1304,1304,1304,200401170POR,14.8,9.0,3rd quarter,6:50.0,Antoine Walker,DAL,False,2-pointer,10,69-75,'POR',trails
1305,1305,1305,200401170POR,26.0,24.6,3rd quarter,6:14.0,Michael Finley,DAL,False,2-pointer,20,70-75,'POR',trails
1306,1306,1306,200401170POR,32.0,6.2,3rd quarter,5:05.0,Antawn Jamison,DAL,True,2-pointer,8,75-75,'POR',tied
1307,1307,1307,200401170POR,40.3,7.8,3rd quarter,4:22.0,Travis Best,DAL,False,2-pointer,17,75-77,'POR',trails
1308,1308,1308,200401170POR,1.7,15.0,3rd quarter,4:00.0,Michael Finley,DAL,False,3-pointer,24,75-79,'POR',trails
1309,1309,1309,200401170POR,18.6,20.3,3rd quarter,3:55.0,Dirk Nowitzki,DAL,True,2-pointer,16,77-79,'POR',trails
1310,1310,1310,200401170POR,24.0,5.0,3rd quarter,3:30.0,Dirk Nowitzki,DAL,True,2-pointer,0,79-79,'POR',tied
1311,1311,1311,200401170POR,24.0,5.0,3rd quarter,2:52.0,Antawn Jamison,DAL,False,2-pointer,0,79-79,'POR',tied
1312,1312,1312,200401170POR,24.0,5.0,3rd quarter,2:50.0,Josh Howard,DAL,False,2-pointer,0,79-79,'POR',tied
1313,1313,1313,200401170POR,42.4,4.7,3rd quarter,2:11.0,Shawn Bradley,DAL,False,2-pointer,18,79-81,'POR',trails
1314,1314,1314,200401170POR,24.0,5.0,3rd quarter,2:04.0,Antoine Walker,DAL,True,2-pointer,0,81-81,'POR',tied
1315,1315,1315,200401170POR,24.0,5.0,3rd quarter,1:36.0,Michael Finley,DAL,True,2-pointer,0,83-81,'POR',leads
1316,1316,1316,200401170POR,2.6,16.5,3rd quarter,1:29.0,Michael Finley,DAL,False,3-pointer,24,83-81,'POR',leads
1317,1317,1317,200401170POR,1.3,14.5,3rd quarter,0:28.8,Antoine Walker,DAL,False,3-pointer,25,85-86,'POR',trails
1318,1318,1318,200401170POR,32.9,5.0,3rd quarter,0:06.9,Antoine Walker,DAL,False,2-pointer,9,85-86,'POR',trails
1319,1319,1319,200401170POR,24.8,28.8,4th quarter,11:24.0,Travis Best,DAL,False,3-pointer,24,85-86,'POR',trails
1320,1320,1320,200401170POR,24.0,5.0,4th quarter,10:20.0,Danny Fortson,DAL,True,2-pointer,0,88-87,'POR',leads
1321,1321,1321,200401170POR,16.1,5.8,4th quarter,9:55.0,Josh Howard,DAL,False,2-pointer,8,88-87,'POR',leads
1322,1322,1322,200401170POR,24.0,5.0,4th quarter,9:15.0,Antawn Jamison,DAL,True,2-pointer,0,90-90,'POR',tied
1323,1323,1323,200401170POR,24.0,9.6,4th quarter,8:22.0,Antawn Jamison,DAL,False,2-pointer,5,90-92,'POR',trails
1324,1324,1324,200401170POR,4.3,10.9,4th quarter,7:47.0,Dirk Nowitzki,DAL,True,2-pointer,21,92-92,'POR',tied
1325,1325,1325,200401170POR,33.7,17.7,4th quarter,6:56.0,Michael Finley,DAL,False,2-pointer,16,92-94,'POR',trails
1326,1326,1326,200401170POR,24.0,5.0,4th quarter,6:52.0,Antawn Jamison,DAL,False,2-pointer,0,92-94,'POR',trails
1327,1327,1327,200401170POR,32.0,19.3,4th quarter,6:37.0,Dirk Nowitzki,DAL,False,2-pointer,16,92-94,'POR',trails
1328,1328,1328,200401170POR,1.5,10.3,4th quarter,6:23.0,Michael Finley,DAL,True,3-pointer,23,95-94,'POR',leads
1329,1329,1329,200401170POR,1.5,5.8,4th quarter,5:55.0,Michael Finley,DAL,True,3-pointer,23,98-96,'POR',leads
1330,1330,1330,200401170POR,24.0,5.0,4th quarter,5:22.0,Michael Finley,DAL,True,2-pointer,0,100-97,'POR',leads
1331,1331,1331,200401170POR,41.6,21.1,4th quarter,4:36.0,Dirk Nowitzki,DAL,True,3-pointer,24,103-97,'POR',leads
1332,1332,1332,200401170POR,26.9,25.1,4th quarter,3:43.0,Michael Finley,DAL,True,2-pointer,20,105-99,'POR',leads
1333,1333,1333,200401170POR,34.0,27.5,4th quarter,3:10.0,Dirk Nowitzki,DAL,False,3-pointer,25,105-100,'POR',leads
1334,1334,1334,200401170POR,25.1,29.5,4th quarter,1:48.0,Travis Best,DAL,False,3-pointer,25,105-102,'POR',leads
1335,1335,1335,200401170POR,24.0,5.0,4th quarter,1:34.0,Antawn Jamison,DAL,False,2-pointer,0,105-102,'POR',leads
1336,1336,1336,200401170POR,45.0,16.8,4th quarter,1:29.0,Antoine Walker,DAL,False,3-pointer,24,105-102,'POR',leads
1337,1337,1337,200401170POR,24.0,5.0,4th quarter,1:26.0,Travis Best,DAL,False,2-pointer,0,105-102,'POR',leads
1338,1338,1338,200401170POR,26.4,10.3,4th quarter,1:01.0,Antawn Jamison,DAL,False,2-pointer,6,105-104,'POR',leads
1339,1339,1339,200401170POR,34.0,24.1,1st quarter,11:43.0,Derek Anderson,POR,False,2-pointer,22,0-0,'POR',tied
1340,1340,1340,200401170POR,8.4,7.2,1st quarter,11:13.0,Rasheed Wallace,POR,False,2-pointer,16,0-0,'POR',tied
1341,1341,1341,200401170POR,24.0,5.0,1st quarter,10:34.0,Rasheed Wallace,POR,False,2-pointer,0,0-2,'POR',trails
1342,1342,1342,200401170POR,32.7,5.3,1st quarter,10:15.0,Damon Stoudamire,POR,False,2-pointer,9,0-2,'POR',trails
1343,1343,1343,200401170POR,46.5,4.2,1st quarter,9:39.0,Derek Anderson,POR,False,3-pointer,23,0-2,'POR',trails
1344,1344,1344,200401170POR,24.0,5.0,1st quarter,9:23.0,Rasheed Wallace,POR,True,2-pointer,0,2-2,'POR',tied
1345,1345,1345,200401170POR,24.0,5.0,1st quarter,8:56.0,Rasheed Wallace,POR,True,2-pointer,0,4-4,'POR',tied
1346,1346,1346,200401170POR,2.5,13.6,1st quarter,7:26.0,Rasheed Wallace,POR,True,2-pointer,23,7-6,'POR',leads
1347,1347,1347,200401170POR,42.9,20.0,1st quarter,6:41.0,Damon Stoudamire,POR,True,3-pointer,24,10-8,'POR',leads
1348,1348,1348,200401170POR,24.1,29.3,1st quarter,5:38.1,Damon Stoudamire,POR,False,3-pointer,24,10-12,'POR',trails
1349,1349,1349,200401170POR,24.0,5.0,1st quarter,4:47.0,Zach Randolph,POR,True,2-pointer,0,13-14,'POR',trails
1350,1350,1350,200401170POR,30.4,7.8,1st quarter,3:51.0,Zach Randolph,POR,True,2-pointer,7,15-16,'POR',trails
1351,1351,1351,200401170POR,24.0,5.0,1st quarter,3:28.0,Ruben Patterson,POR,True,2-pointer,0,18-18,'POR',tied
1352,1352,1352,200401170POR,9.7,24.6,1st quarter,2:58.0,Damon Stoudamire,POR,True,3-pointer,24,22-20,'POR',leads
1353,1353,1353,200401170POR,45.2,16.7,1st quarter,2:28.0,Derek Anderson,POR,False,3-pointer,24,22-20,'POR',leads
1354,1354,1354,200401170POR,24.0,5.0,1st quarter,1:43.0,Ruben Patterson,POR,False,2-pointer,0,24-23,'POR',leads
1355,1355,1355,200401170POR,24.0,5.0,1st quarter,1:42.0,Ruben Patterson,POR,True,2-pointer,0,26-23,'POR',leads
1356,1356,1356,200401170POR,24.0,5.0,1st quarter,0:59.7,Zach Randolph,POR,True,2-pointer,0,28-25,'POR',leads
1357,1357,1357,200401170POR,27.1,6.2,1st quarter,0:29.5,Ruben Patterson,POR,True,2-pointer,3,30-27,'POR',leads
1358,1358,1358,200401170POR,28.4,20.1,1st quarter,0:00.1,Jeff McInnis,POR,True,2-pointer,16,34-27,'POR',leads
1359,1359,1359,200401170POR,31.4,15.0,2nd quarter,10:38.0,Rasheed Wallace,POR,True,2-pointer,12,38-29,'POR',leads
1360,1360,1360,200401170POR,31.2,19.3,2nd quarter,9:37.0,Ruben Patterson,POR,False,2-pointer,16,38-35,'POR',leads
1361,1361,1361,200401170POR,24.0,5.0,2nd quarter,9:18.0,Rasheed Wallace,POR,True,2-pointer,0,40-37,'POR',leads
1362,1362,1362,200401170POR,24.0,5.0,2nd quarter,8:48.0,Jeff McInnis,POR,False,2-pointer,0,40-37,'POR',leads
1363,1363,1363,200401170POR,24.0,5.0,2nd quarter,8:46.0,Ruben Patterson,POR,True,2-pointer,0,42-37,'POR',leads
1364,1364,1364,200401170POR,33.0,27.9,2nd quarter,8:05.0,Qyntel Woods,POR,True,3-pointer,25,45-39,'POR',leads
1365,1365,1365,200401170POR,24.0,5.0,2nd quarter,7:40.0,Ruben Patterson,POR,True,2-pointer,0,47-39,'POR',leads
1366,1366,1366,200401170POR,22.5,16.5,2nd quarter,6:54.0,Rasheed Wallace,POR,False,2-pointer,12,47-41,'POR',leads
1367,1367,1367,200401170POR,24.0,5.0,2nd quarter,6:52.0,Qyntel Woods,POR,False,2-pointer,0,47-41,'POR',leads
1368,1368,1368,200401170POR,24.0,5.0,2nd quarter,6:31.0,Ruben Patterson,POR,True,2-pointer,0,49-43,'POR',leads
1369,1369,1369,200401170POR,29.2,28.2,2nd quarter,6:14.0,Rasheed Wallace,POR,False,3-pointer,24,49-43,'POR',leads
1370,1370,1370,200401170POR,23.8,16.2,2nd quarter,5:55.0,Jeff McInnis,POR,True,2-pointer,11,51-43,'POR',leads
1371,1371,1371,200401170POR,24.0,5.0,2nd quarter,5:13.0,Qyntel Woods,POR,True,2-pointer,0,53-45,'POR',leads
1372,1372,1372,200401170POR,15.8,5.2,2nd quarter,4:07.0,Zach Randolph,POR,False,2-pointer,8,55-47,'POR',leads
1373,1373,1373,200401170POR,20.6,24.1,2nd quarter,3:04.0,Derek Anderson,POR,True,2-pointer,19,57-49,'POR',leads
1374,1374,1374,200401170POR,8.2,22.8,2nd quarter,2:38.0,Damon Stoudamire,POR,True,3-pointer,24,60-49,'POR',leads
1375,1375,1375,200401170POR,24.0,5.0,2nd quarter,2:02.0,Rasheed Wallace,POR,True,2-pointer,0,62-51,'POR',leads
1376,1376,1376,200401170POR,37.6,5.8,2nd quarter,1:31.0,Rasheed Wallace,POR,False,2-pointer,14,62-53,'POR',leads
1377,1377,1377,200401170POR,41.1,19.5,2nd quarter,0:53.3,Wesley Person,POR,True,2-pointer,22,64-55,'POR',leads
1378,1378,1378,200401170POR,8.6,19.0,2nd quarter,0:27.6,Wesley Person,POR,True,2-pointer,21,66-57,'POR',leads
1379,1379,1379,200401170POR,40.1,35.6,2nd quarter,0:00.3,Zach Randolph,POR,False,3-pointer,35,68-59,'POR',leads
1380,1380,1380,200401170POR,30.4,5.7,3rd quarter,10:13.0,Zach Randolph,POR,False,2-pointer,6,70-63,'POR',leads
1381,1381,1381,200401170POR,41.6,21.4,3rd quarter,9:29.0,Derek Anderson,POR,False,3-pointer,24,71-63,'POR',leads
1382,1382,1382,200401170POR,24.0,5.0,3rd quarter,8:51.0,Rasheed Wallace,POR,False,2-pointer,0,71-63,'POR',leads
1383,1383,1383,200401170POR,13.8,25.6,3rd quarter,8:44.0,Derek Anderson,POR,False,2-pointer,23,71-63,'POR',leads
1384,1384,1384,200401170POR,24.0,5.0,3rd quarter,7:48.0,Zach Randolph,POR,True,2-pointer,0,73-67,'POR',leads
1385,1385,1385,200401170POR,36.0,12.7,3rd quarter,7:07.0,Rasheed Wallace,POR,True,2-pointer,14,75-69,'POR',leads
1386,1386,1386,200401170POR,22.9,25.7,3rd quarter,5:50.0,Derek Anderson,POR,False,2-pointer,21,75-70,'POR',leads
1387,1387,1387,200401170POR,34.7,30.3,3rd quarter,4:38.0,Damon Stoudamire,POR,False,3-pointer,27,75-75,'POR',tied
1388,1388,1388,200401170POR,24.0,5.0,3rd quarter,4:35.0,Ruben Patterson,POR,True,2-pointer,0,77-75,'POR',leads
1389,1389,1389,200401170POR,24.0,5.0,3rd quarter,4:10.0,Zach Randolph,POR,True,2-pointer,0,79-75,'POR',leads
1390,1390,1390,200401170POR,24.8,27.9,3rd quarter,2:33.0,Wesley Person,POR,True,2-pointer,23,81-79,'POR',leads
1391,1391,1391,200401170POR,17.3,6.2,3rd quarter,1:43.0,Zach Randolph,POR,False,2-pointer,7,81-81,'POR',tied
1392,1392,1392,200401170POR,24.0,5.0,3rd quarter,1:18.0,Dale Davis,POR,True,2-pointer,0,83-83,'POR',tied
1393,1393,1393,200401170POR,24.0,5.0,3rd quarter,0:52.8,Ruben Patterson,POR,True,2-pointer,0,86-85,'POR',leads
1394,1394,1394,200401170POR,33.4,13.6,3rd quarter,0:00.1,Jeff McInnis,POR,False,2-pointer,13,86-85,'POR',leads
1395,1395,1395,200401170POR,29.7,20.3,4th quarter,11:40.0,Wesley Person,POR,False,2-pointer,16,86-85,'POR',leads
1396,1396,1396,200401170POR,8.6,8.3,4th quarter,10:44.0,Rasheed Wallace,POR,False,2-pointer,16,86-86,'POR',tied
1397,1397,1397,200401170POR,46.7,4.2,4th quarter,9:39.0,Wesley Person,POR,True,3-pointer,23,90-88,'POR',leads
1398,1398,1398,200401170POR,24.0,5.0,4th quarter,8:39.0,Ruben Patterson,POR,True,2-pointer,0,92-90,'POR',leads
1399,1399,1399,200401170POR,39.3,4.2,4th quarter,8:04.0,Jeff McInnis,POR,False,2-pointer,15,92-90,'POR',leads
1400,1400,1400,200401170POR,24.3,10.4,4th quarter,7:27.0,Rasheed Wallace,POR,True,2-pointer,5,94-92,'POR',leads
1401,1401,1401,200401170POR,17.1,4.5,4th quarter,6:47.0,Ruben Patterson,POR,False,2-pointer,7,94-92,'POR',leads
1402,1402,1402,200401170POR,15.8,5.5,4th quarter,4:57.0,Rasheed Wallace,POR,False,2-pointer,8,97-100,'POR',trails
1403,1403,1403,200401170POR,13.8,26.0,4th quarter,2:45.0,Rasheed Wallace,POR,False,2-pointer,23,100-105,'POR',trails
1404,1404,1404,200401170POR,24.0,5.0,4th quarter,2:43.0,Ruben Patterson,POR,False,2-pointer,0,100-105,'POR',trails
1405,1405,1405,200401170POR,24.0,5.0,4th quarter,2:34.0,Ruben Patterson,POR,True,2-pointer,0,102-105,'POR',trails
1406,1406,1406,200401170POR,24.0,5.0,4th quarter,1:20.0,Ruben Patterson,POR,True,2-pointer,0,104-105,'POR',trails
1407,1407,1407,200401170POR,3.6,18.8,4th quarter,0:41.9,Rasheed Wallace,POR,False,3-pointer,25,104-105,'POR',trails
1408,1408,1408,200401170POR,24.0,5.0,4th quarter,0:38.0,Ruben Patterson,POR,False,2-pointer,0,104-105,'POR',trails
1409,1409,1409,200401170POR,24.1,12.7,4th quarter,0:16.9,Rasheed Wallace,POR,False,2-pointer,8,104-105,'POR',trails
1410,1410,1410,200401170POR,36.0,27.7,4th quarter,0:08.9,Rasheed Wallace,POR,False,3-pointer,26,104-107,'POR',trails
1411,1411,1411,200401170UTA,24.0,5.0,1st quarter,11:02.0,Eric Williams,CLE,False,2-pointer,0,0-0,'UTA',tied
1412,1412,1412,200401170UTA,24.0,5.0,1st quarter,10:29.0,Zydrunas Ilgauskas,CLE,True,2-pointer,0,2-0,'UTA',leads
1413,1413,1413,200401170UTA,24.0,5.0,1st quarter,9:58.0,LeBron James,CLE,False,2-pointer,0,2-2,'UTA',tied
1414,1414,1414,200401170UTA,24.0,5.0,1st quarter,9:54.0,Kedrick Brown,CLE,False,2-pointer,0,2-2,'UTA',tied
1415,1415,1415,200401170UTA,24.0,5.0,1st quarter,9:37.0,LeBron James,CLE,False,2-pointer,0,2-4,'UTA',trails
1416,1416,1416,200401170UTA,24.6,8.6,1st quarter,8:26.0,Zydrunas Ilgauskas,CLE,False,2-pointer,4,3-6,'UTA',trails
1417,1417,1417,200401170UTA,22.0,9.8,1st quarter,7:17.0,Carlos Boozer,CLE,True,2-pointer,5,5-6,'UTA',trails
1418,1418,1418,200401170UTA,24.0,5.0,1st quarter,6:57.0,LeBron James,CLE,True,2-pointer,0,7-6,'UTA',leads
1419,1419,1419,200401170UTA,13.3,23.4,1st quarter,6:06.0,LeBron James,CLE,False,2-pointer,21,7-6,'UTA',leads
1420,1420,1420,200401170UTA,5.9,14.4,1st quarter,5:37.0,Carlos Boozer,CLE,False,2-pointer,20,7-6,'UTA',leads
1421,1421,1421,200401170UTA,24.0,5.0,1st quarter,5:34.0,Zydrunas Ilgauskas,CLE,False,2-pointer,0,7-6,'UTA',leads
1422,1422,1422,200401170UTA,15.1,8.3,1st quarter,4:35.0,LeBron James,CLE,False,2-pointer,9,9-8,'UTA',leads
1423,1423,1423,200401170UTA,16.0,24.1,1st quarter,4:04.0,LeBron James,CLE,False,2-pointer,21,9-10,'UTA',trails
1424,1424,1424,200401170UTA,24.0,5.0,1st quarter,3:40.0,LeBron James,CLE,True,2-pointer,0,11-10,'UTA',leads
1425,1425,1425,200401170UTA,27.4,22.9,1st quarter,3:04.0,Carlos Boozer,CLE,True,2-pointer,18,13-12,'UTA',leads
1426,1426,1426,200401170UTA,7.9,3.4,1st quarter,2:24.0,Kedrick Brown,CLE,True,2-pointer,16,15-14,'UTA',leads
1427,1427,1427,200401170UTA,24.0,5.0,1st quarter,1:33.0,Carlos Boozer,CLE,False,2-pointer,0,15-16,'UTA',trails
1428,1428,1428,200401170UTA,27.1,17.3,1st quarter,1:00.0,Zydrunas Ilgauskas,CLE,False,2-pointer,13,15-16,'UTA',trails
1429,1429,1429,200401170UTA,24.0,5.0,1st quarter,0:57.9,Carlos Boozer,CLE,False,2-pointer,0,15-16,'UTA',trails
1430,1430,1430,200401170UTA,16.0,10.8,1st quarter,0:22.2,LeBron James,CLE,True,2-pointer,10,17-17,'UTA',tied
1431,1431,1431,200401170UTA,24.0,5.0,1st quarter,0:01.1,Kedrick Brown,CLE,True,2-pointer,0,19-17,'UTA',leads
1432,1432,1432,200401170UTA,3.5,3.7,2nd quarter,11:02.0,LeBron James,CLE,False,2-pointer,21,19-18,'UTA',leads
1433,1433,1433,200401170UTA,24.0,5.0,2nd quarter,9:57.0,Tony Battie,CLE,False,2-pointer,0,20-23,'UTA',trails
1434,1434,1434,200401170UTA,15.6,14.4,2nd quarter,9:23.0,Darius Miles,CLE,False,2-pointer,13,20-25,'UTA',trails
1435,1435,1435,200401170UTA,24.0,5.0,2nd quarter,8:41.0,Dajuan Wagner,CLE,True,2-pointer,0,22-27,'UTA',trails
1436,1436,1436,200401170UTA,5.6,3.2,2nd quarter,7:39.0,Ira Newble,CLE,True,2-pointer,18,24-30,'UTA',trails
1437,1437,1437,200401170UTA,40.7,22.9,2nd quarter,6:54.0,Kedrick Brown,CLE,False,3-pointer,24,24-32,'UTA',trails
1438,1438,1438,200401170UTA,33.2,3.9,2nd quarter,6:14.0,LeBron James,CLE,False,2-pointer,9,24-37,'UTA',trails
1439,1439,1439,200401170UTA,24.0,5.0,2nd quarter,6:13.0,Zydrunas Ilgauskas,CLE,False,2-pointer,0,24-37,'UTA',trails
1440,1440,1440,200401170UTA,24.0,5.0,2nd quarter,6:12.0,Zydrunas Ilgauskas,CLE,False,2-pointer,0,24-37,'UTA',trails
1441,1441,1441,200401170UTA,18.9,28.3,2nd quarter,5:50.0,Kedrick Brown,CLE,False,3-pointer,24,24-37,'UTA',trails
1442,1442,1442,200401170UTA,13.3,27.7,2nd quarter,3:32.0,LeBron James,CLE,False,3-pointer,25,28-43,'UTA',trails
1443,1443,1443,200401170UTA,24.0,5.0,2nd quarter,3:02.0,Zydrunas Ilgauskas,CLE,False,2-pointer,0,28-43,'UTA',trails
1444,1444,1444,200401170UTA,24.0,5.0,2nd quarter,2:31.0,LeBron James,CLE,True,2-pointer,0,30-43,'UTA',trails
1445,1445,1445,200401170UTA,35.8,22.9,2nd quarter,1:54.0,LeBron James,CLE,False,2-pointer,21,30-45,'UTA',trails
1446,1446,1446,200401170UTA,30.2,9.6,2nd quarter,0:29.9,LeBron James,CLE,False,2-pointer,8,33-51,'UTA',trails
1447,1447,1447,200401170UTA,31.7,15.4,2nd quarter,0:01.9,Darius Miles,CLE,False,2-pointer,13,33-51,'UTA',trails
1448,1448,1448,200401170UTA,24.0,5.0,3rd quarter,11:41.0,LeBron James,CLE,False,2-pointer,0,33-51,'UTA',trails
1449,1449,1449,200401170UTA,24.0,5.0,3rd quarter,11:41.0,Carlos Boozer,CLE,True,2-pointer,0,35-51,'UTA',trails
1450,1450,1450,200401170UTA,30.2,23.9,3rd quarter,11:05.0,Carlos Boozer,CLE,False,2-pointer,20,35-53,'UTA',trails
1451,1451,1451,200401170UTA,32.2,27.9,3rd quarter,11:00.0,Eric Williams,CLE,True,3-pointer,24,38-53,'UTA',trails
1452,1452,1452,200401170UTA,24.0,5.0,3rd quarter,10:30.0,Zydrunas Ilgauskas,CLE,False,2-pointer,0,38-53,'UTA',trails
1453,1453,1453,200401170UTA,19.9,5.8,3rd quarter,9:40.0,Eric Williams,CLE,False,2-pointer,4,40-55,'UTA',trails
1454,1454,1454,200401170UTA,10.7,15.9,3rd quarter,9:35.0,Zydrunas Ilgauskas,CLE,False,2-pointer,17,40-55,'UTA',trails
1455,1455,1455,200401170UTA,36.0,22.6,3rd quarter,8:56.0,LeBron James,CLE,True,2-pointer,21,42-55,'UTA',trails
1456,1456,1456,200401170UTA,24.0,5.0,3rd quarter,8:20.0,Eric Williams,CLE,False,2-pointer,0,42-57,'UTA',trails
1457,1457,1457,200401170UTA,24.0,5.0,3rd quarter,7:49.0,LeBron James,CLE,False,2-pointer,0,42-57,'UTA',trails
1458,1458,1458,200401170UTA,30.6,15.5,3rd quarter,7:40.0,Carlos Boozer,CLE,False,2-pointer,12,42-57,'UTA',trails
1459,1459,1459,200401170UTA,24.0,5.0,3rd quarter,7:16.0,LeBron James,CLE,False,2-pointer,0,42-58,'UTA',trails
1460,1460,1460,200401170UTA,5.6,22.6,3rd quarter,5:44.0,Kedrick Brown,CLE,False,3-pointer,25,45-60,'UTA',trails
1461,1461,1461,200401170UTA,24.6,29.7,3rd quarter,5:39.0,LeBron James,CLE,True,3-pointer,25,48-60,'UTA',trails
1462,1462,1462,200401170UTA,24.6,17.8,3rd quarter,4:38.0,Eric Williams,CLE,False,2-pointer,13,48-63,'UTA',trails
1463,1463,1463,200401170UTA,24.3,17.8,3rd quarter,4:05.0,Eric Williams,CLE,False,2-pointer,13,48-63,'UTA',trails
1464,1464,1464,200401170UTA,24.0,5.0,3rd quarter,3:43.0,LeBron James,CLE,True,2-pointer,0,50-63,'UTA',trails
1465,1465,1465,200401170UTA,23.5,20.5,3rd quarter,2:25.0,Carlos Boozer,CLE,True,2-pointer,16,53-67,'UTA',trails
1466,1466,1466,200401170UTA,47.5,4.4,3rd quarter,1:06.0,LeBron James,CLE,True,3-pointer,24,56-69,'UTA',trails
1467,1467,1467,200401170UTA,23.0,13.7,4th quarter,11:43.0,Eric Williams,CLE,True,2-pointer,9,59-71,'UTA',trails
1468,1468,1468,200401170UTA,24.0,5.0,4th quarter,11:08.0,Carlos Boozer,CLE,True,2-pointer,0,61-72,'UTA',trails
1469,1469,1469,200401170UTA,24.0,5.0,4th quarter,10:29.0,LeBron James,CLE,True,2-pointer,0,63-72,'UTA',trails
1470,1470,1470,200401170UTA,38.3,24.7,4th quarter,10:01.0,Dajuan Wagner,CLE,False,3-pointer,24,64-72,'UTA',trails
1471,1471,1471,200401170UTA,24.5,10.8,4th quarter,9:19.0,Carlos Boozer,CLE,False,2-pointer,6,64-73,'UTA',trails
1472,1472,1472,200401170UTA,24.0,16.7,4th quarter,8:42.0,LeBron James,CLE,True,2-pointer,12,66-75,'UTA',trails
1473,1473,1473,200401170UTA,4.6,17.5,4th quarter,7:54.0,Dajuan Wagner,CLE,False,2-pointer,23,66-78,'UTA',trails
1474,1474,1474,200401170UTA,36.5,27.2,4th quarter,6:45.0,LeBron James,CLE,False,3-pointer,25,66-80,'UTA',trails
1475,1475,1475,200401170UTA,10.2,26.0,4th quarter,6:37.0,Eric Williams,CLE,False,3-pointer,25,66-80,'UTA',trails
1476,1476,1476,200401170UTA,24.0,5.0,4th quarter,6:35.0,Carlos Boozer,CLE,True,2-pointer,0,68-80,'UTA',trails
1477,1477,1477,200401170UTA,24.0,5.0,4th quarter,5:34.0,Carlos Boozer,CLE,False,2-pointer,0,70-80,'UTA',trails
1478,1478,1478,200401170UTA,24.0,5.0,4th quarter,5:34.0,Tony Battie,CLE,False,2-pointer,0,70-80,'UTA',trails
1479,1479,1479,200401170UTA,24.0,5.0,4th quarter,5:34.0,Carlos Boozer,CLE,True,2-pointer,0,72-80,'UTA',trails
1480,1480,1480,200401170UTA,24.0,5.0,4th quarter,5:03.0,LeBron James,CLE,True,2-pointer,0,75-80,'UTA',trails
1481,1481,1481,200401170UTA,8.6,18.5,4th quarter,4:27.0,Ira Newble,CLE,False,2-pointer,20,75-80,'UTA',trails
1482,1482,1482,200401170UTA,29.1,24.4,4th quarter,3:48.0,Carlos Boozer,CLE,True,2-pointer,20,78-80,'UTA',trails
1483,1483,1483,200401170UTA,44.2,3.1,4th quarter,2:13.0,LeBron James,CLE,False,2-pointer,20,78-83,'UTA',trails
1484,1484,1484,200401170UTA,24.6,16.2,4th quarter,1:42.0,Carlos Boozer,CLE,True,2-pointer,11,80-85,'UTA',trails
1485,1485,1485,200401170UTA,24.0,5.0,4th quarter,1:15.0,LeBron James,CLE,True,2-pointer,0,82-85,'UTA',trails
1486,1486,1486,200401170UTA,40.7,15.5,4th quarter,0:45.0,Ira Newble,CLE,True,2-pointer,20,84-85,'UTA',trails
1487,1487,1487,200401170UTA,24.0,5.0,4th quarter,0:12.9,LeBron James,CLE,False,2-pointer,0,84-85,'UTA',trails
1488,1488,1488,200401170UTA,24.0,5.0,4th quarter,0:12.1,Tony Battie,CLE,False,2-pointer,0,84-85,'UTA',trails
1489,1489,1489,200401170UTA,17.1,17.2,1st overtime,4:34.0,Kevin Ollie,CLE,True,2-pointer,14,87-85,'UTA',leads
1490,1490,1490,200401170UTA,3.6,1.6,1st overtime,2:46.0,Eric Williams,CLE,False,2-pointer,21,89-89,'UTA',tied
1491,1491,1491,200401170UTA,19.9,9.3,1st overtime,2:40.0,Carlos Boozer,CLE,True,2-pointer,6,91-89,'UTA',leads
1492,1492,1492,200401170UTA,33.8,8.5,1st overtime,1:53.0,Carlos Boozer,CLE,False,2-pointer,10,91-89,'UTA',leads
1493,1493,1493,200401170UTA,24.0,5.0,1st overtime,1:11.0,Kevin Ollie,CLE,False,2-pointer,0,91-89,'UTA',leads
1494,1494,1494,200401170UTA,24.8,8.3,1st overtime,1:10.0,Carlos Boozer,CLE,True,2-pointer,3,93-89,'UTA',leads
1495,1495,1495,200401170UTA,24.0,5.0,1st overtime,0:38.9,Carlos Boozer,CLE,True,2-pointer,0,95-92,'UTA',leads
1496,1496,1496,200401170UTA,42.2,2.4,1st quarter,11:16.0,Andrei Kirilenko,UTA,False,2-pointer,18,0-0,'UTA',tied
1497,1497,1497,200401170UTA,42.7,2.1,1st quarter,10:47.0,DeShawn Stevenson,UTA,False,2-pointer,19,0-0,'UTA',tied
1498,1498,1498,200401170UTA,24.0,5.0,1st quarter,10:04.0,DeShawn Stevenson,UTA,True,2-pointer,0,2-2,'UTA',tied
1499,1499,1499,200401170UTA,26.1,10.1,1st quarter,9:48.0,Andrei Kirilenko,UTA,True,2-pointer,6,4-2,'UTA',leads
1500,1500,1500,200401170UTA,24.0,5.0,1st quarter,8:50.0,Andrei Kirilenko,UTA,True,2-pointer,0,6-3,'UTA',leads
1501,1501,1501,200401170UTA,17.9,22.4,1st quarter,7:50.0,Carlos Arroyo,UTA,False,2-pointer,18,6-3,'UTA',leads
1502,1502,1502,200401170UTA,24.0,5.0,1st quarter,7:35.0,Greg Ostertag,UTA,False,2-pointer,0,6-3,'UTA',leads
1503,1503,1503,200401170UTA,40.7,16.4,1st quarter,6:41.0,DeShawn Stevenson,UTA,False,2-pointer,20,6-7,'UTA',trails
1504,1504,1504,200401170UTA,24.0,5.0,1st quarter,6:33.0,Greg Ostertag,UTA,False,2-pointer,0,6-7,'UTA',trails
1505,1505,1505,200401170UTA,18.8,24.6,1st quarter,6:31.0,Carlos Arroyo,UTA,False,2-pointer,20,6-7,'UTA',trails
1506,1506,1506,200401170UTA,41.6,14.2,1st quarter,5:15.0,DeShawn Stevenson,UTA,True,2-pointer,20,8-7,'UTA',leads
1507,1507,1507,200401170UTA,24.0,5.0,1st quarter,4:47.0,Andrei Kirilenko,UTA,False,2-pointer,0,8-9,'UTA',trails
1508,1508,1508,200401170UTA,24.0,5.0,1st quarter,4:23.0,Andrei Kirilenko,UTA,True,2-pointer,0,10-9,'UTA',leads
1509,1509,1509,200401170UTA,23.5,26.7,1st quarter,3:23.0,DeShawn Stevenson,UTA,True,2-pointer,22,12-11,'UTA',leads
1510,1510,1510,200401170UTA,4.0,15.9,1st quarter,2:02.0,DeShawn Stevenson,UTA,False,2-pointer,23,14-15,'UTA',trails
1511,1511,1511,200401170UTA,24.0,5.0,1st quarter,1:52.0,DeShawn Stevenson,UTA,True,2-pointer,0,16-15,'UTA',leads
1512,1512,1512,200401170UTA,33.8,26.9,1st quarter,1:25.0,Carlos Arroyo,UTA,False,3-pointer,24,16-15,'UTA',leads
1513,1513,1513,200401170UTA,12.3,18.5,1st quarter,0:04.9,Carlos Arroyo,UTA,False,2-pointer,18,17-17,'UTA',tied
1514,1514,1514,200401170UTA,24.0,5.0,2nd quarter,11:40.0,Sasha Pavlović,UTA,False,2-pointer,0,17-19,'UTA',trails
1515,1515,1515,200401170UTA,36.1,2.7,2nd quarter,10:22.0,Jarron Collins,UTA,False,2-pointer,12,20-20,'UTA',tied
1516,1516,1516,200401170UTA,24.0,5.0,2nd quarter,10:13.0,Sasha Pavlović,UTA,True,2-pointer,0,22-20,'UTA',leads
1517,1517,1517,200401170UTA,24.0,5.0,2nd quarter,9:42.0,Raül López,UTA,True,2-pointer,0,25-20,'UTA',leads
1518,1518,1518,200401170UTA,41.4,18.8,2nd quarter,9:01.0,Sasha Pavlović,UTA,True,2-pointer,22,27-20,'UTA',leads
1519,1519,1519,200401170UTA,26.6,29.5,2nd quarter,8:24.0,Andrei Kirilenko,UTA,True,3-pointer,25,30-22,'UTA',leads
1520,1520,1520,200401170UTA,24.0,5.0,2nd quarter,7:16.0,Jarron Collins,UTA,True,2-pointer,0,32-24,'UTA',leads
1521,1521,1521,200401170UTA,24.0,5.0,2nd quarter,6:50.0,Raja Bell,UTA,True,2-pointer,0,34-24,'UTA',leads
1522,1522,1522,200401170UTA,24.0,5.0,2nd quarter,6:29.0,Andrei Kirilenko,UTA,True,2-pointer,0,37-24,'UTA',leads
1523,1523,1523,200401170UTA,32.2,23.4,2nd quarter,5:25.0,Raja Bell,UTA,False,2-pointer,20,37-25,'UTA',leads
1524,1524,1524,200401170UTA,32.7,27.7,2nd quarter,3:13.0,Raül López,UTA,False,3-pointer,24,43-28,'UTA',leads
1525,1525,1525,200401170UTA,24.0,5.0,2nd quarter,1:03.0,Michael Ruffin,UTA,False,2-pointer,0,49-33,'UTA',leads
1526,1526,1526,200401170UTA,24.0,5.0,2nd quarter,0:43.6,Raja Bell,UTA,True,2-pointer,0,51-33,'UTA',leads
1527,1527,1527,200401170UTA,24.0,5.0,2nd quarter,0:23.8,Andrei Kirilenko,UTA,False,2-pointer,0,51-33,'UTA',leads
1528,1528,1528,200401170UTA,27.4,29.8,2nd quarter,0:08.9,Raül López,UTA,False,3-pointer,25,51-33,'UTA',leads
1529,1529,1529,200401170UTA,24.0,5.0,3rd quarter,11:20.0,Greg Ostertag,UTA,True,2-pointer,0,53-35,'UTA',leads
1530,1530,1530,200401170UTA,18.9,25.7,3rd quarter,10:43.0,DeShawn Stevenson,UTA,False,2-pointer,21,53-38,'UTA',leads
1531,1531,1531,200401170UTA,35.8,22.4,3rd quarter,9:52.0,DeShawn Stevenson,UTA,True,2-pointer,21,55-40,'UTA',leads
1532,1532,1532,200401170UTA,24.0,5.0,3rd quarter,9:09.0,Michael Ruffin,UTA,False,2-pointer,0,55-40,'UTA',leads
1533,1533,1533,200401170UTA,16.0,28.3,3rd quarter,7:57.0,Carlos Arroyo,UTA,False,3-pointer,25,57-42,'UTA',leads
1534,1534,1534,200401170UTA,10.5,10.9,3rd quarter,7:23.0,Greg Ostertag,UTA,False,2-pointer,15,58-42,'UTA',leads
1535,1535,1535,200401170UTA,12.3,21.0,3rd quarter,7:02.0,Carlos Arroyo,UTA,False,2-pointer,20,58-42,'UTA',leads
1536,1536,1536,200401170UTA,26.4,26.2,3rd quarter,6:32.0,DeShawn Stevenson,UTA,True,2-pointer,21,60-44,'UTA',leads
1537,1537,1537,200401170UTA,18.1,25.9,3rd quarter,5:56.0,DeShawn Stevenson,UTA,False,2-pointer,22,60-45,'UTA',leads
1538,1538,1538,200401170UTA,32.9,24.9,3rd quarter,5:12.0,DeShawn Stevenson,UTA,False,2-pointer,22,60-48,'UTA',leads
1539,1539,1539,200401170UTA,47.5,5.0,3rd quarter,5:08.0,Raja Bell,UTA,True,3-pointer,24,63-48,'UTA',leads
1540,1540,1540,200401170UTA,16.5,24.9,3rd quarter,4:21.0,Raja Bell,UTA,False,2-pointer,21,63-48,'UTA',leads
1541,1541,1541,200401170UTA,29.9,7.2,3rd quarter,3:47.0,Jarron Collins,UTA,False,2-pointer,6,63-48,'UTA',leads
1542,1542,1542,200401170UTA,42.4,1.9,3rd quarter,3:18.0,Jarron Collins,UTA,True,2-pointer,19,65-50,'UTA',leads
1543,1543,1543,200401170UTA,24.0,5.0,3rd quarter,2:40.0,DeShawn Stevenson,UTA,True,2-pointer,0,67-51,'UTA',leads
1544,1544,1544,200401170UTA,38.0,15.7,3rd quarter,0:42.9,Raja Bell,UTA,False,2-pointer,18,69-56,'UTA',leads
1545,1545,1545,200401170UTA,23.0,28.8,3rd quarter,0:25.9,Carlos Arroyo,UTA,False,3-pointer,24,69-57,'UTA',leads
1546,1546,1546,200401170UTA,24.0,5.0,3rd quarter,0:24.9,DeShawn Stevenson,UTA,True,2-pointer,0,71-57,'UTA',leads
1547,1547,1547,200401170UTA,15.0,27.7,3rd quarter,0:00.1,Raja Bell,UTA,False,3-pointer,24,71-57,'UTA',leads
1548,1548,1548,200401170UTA,37.5,24.4,4th quarter,10:11.0,Raja Bell,UTA,False,3-pointer,24,72-64,'UTA',leads
1549,1549,1549,200401170UTA,13.8,13.7,4th quarter,9:41.0,Michael Ruffin,UTA,False,2-pointer,13,72-64,'UTA',leads
1550,1550,1550,200401170UTA,7.6,20.5,4th quarter,9:01.0,Raül López,UTA,True,2-pointer,23,75-64,'UTA',leads
1551,1551,1551,200401170UTA,9.2,24.4,4th quarter,8:21.0,Raül López,UTA,True,3-pointer,24,78-66,'UTA',leads
1552,1552,1552,200401170UTA,14.6,22.9,4th quarter,7:41.0,Raül López,UTA,False,2-pointer,20,78-66,'UTA',leads
1553,1553,1553,200401170UTA,39.9,21.0,4th quarter,7:05.0,Raja Bell,UTA,True,2-pointer,23,80-66,'UTA',leads
1554,1554,1554,200401170UTA,29.9,17.8,4th quarter,6:16.0,Jarron Collins,UTA,False,2-pointer,14,80-68,'UTA',leads
1555,1555,1555,200401170UTA,36.3,26.7,4th quarter,5:45.0,Andrei Kirilenko,UTA,False,3-pointer,25,80-70,'UTA',leads
1556,1556,1556,200401170UTA,26.1,28.8,4th quarter,5:18.0,Raül López,UTA,False,3-pointer,24,80-73,'UTA',leads
1557,1557,1557,200401170UTA,38.1,25.2,4th quarter,4:07.0,Sasha Pavlović,UTA,False,3-pointer,25,80-76,'UTA',leads
1558,1558,1558,200401170UTA,24.0,5.0,4th quarter,2:35.0,Jarron Collins,UTA,True,2-pointer,0,83-78,'UTA',leads
1559,1559,1559,200401170UTA,24.0,5.0,4th quarter,1:49.0,Jarron Collins,UTA,True,2-pointer,0,85-78,'UTA',leads
1560,1560,1560,200401170UTA,40.6,22.8,4th quarter,0:58.9,Raül López,UTA,False,3-pointer,24,85-82,'UTA',leads
1561,1561,1561,200401170UTA,0.3,3.7,4th quarter,0:21.9,Raja Bell,UTA,False,3-pointer,24,85-84,'UTA',leads
1562,1562,1562,200401170UTA,17.8,10.1,4th quarter,0:00.2,Raül López,UTA,False,2-pointer,8,85-85,'UTA',tied
1563,1563,1563,200401170UTA,21.1,23.3,1st overtime,4:11.0,DeShawn Stevenson,UTA,False,2-pointer,19,85-87,'UTA',trails
1564,1564,1564,200401170UTA,24.0,5.0,1st overtime,3:32.0,Raja Bell,UTA,True,2-pointer,0,87-89,'UTA',trails
1565,1565,1565,200401170UTA,24.0,5.0,1st overtime,2:09.0,Andrei Kirilenko,UTA,False,2-pointer,0,89-91,'UTA',trails
1566,1566,1566,200401170UTA,48.1,4.5,1st overtime,0:53.3,Andrei Kirilenko,UTA,True,3-pointer,24,92-93,'UTA',trails
1567,1567,1567,200401170UTA,24.0,5.0,1st overtime,0:19.1,Andrei Kirilenko,UTA,True,2-pointer,0,96-97,'UTA',trails
1568,1568,1568,200401170UTA,24.0,5.0,1st overtime,0:11.9,Michael Ruffin,UTA,False,2-pointer,0,96-98,'UTA',trails
1569,1569,1569,200401170UTA,6.1,23.1,1st overtime,0:07.9,Andrei Kirilenko,UTA,False,3-pointer,25,96-100,'UTA',trails
1570,1570,1570,200401170WAS,19.9,8.3,1st quarter,11:43.0,Rashard Lewis,SEA,True,2-pointer,5,2-0,'SEA',leads
1571,1571,1571,200401170WAS,29.4,8.1,1st quarter,10:34.0,Ray Allen,SEA,False,2-pointer,6,2-1,'SEA',leads
1572,1572,1572,200401170WAS,28.7,29.7,1st quarter,10:09.0,Brent Barry,SEA,False,3-pointer,25,2-3,'SEA',trails
1573,1573,1573,200401170WAS,41.9,22.9,1st quarter,9:40.0,Ray Allen,SEA,False,3-pointer,25,2-5,'SEA',trails
1574,1574,1574,200401170WAS,27.4,8.0,1st quarter,9:01.0,Brent Barry,SEA,False,2-pointer,5,2-5,'SEA',trails
1575,1575,1575,200401170WAS,8.4,1.1,1st quarter,8:51.0,Rashard Lewis,SEA,False,2-pointer,16,2-5,'SEA',trails
1576,1576,1576,200401170WAS,5.4,1.3,1st quarter,8:11.0,Calvin Booth,SEA,False,2-pointer,19,2-7,'SEA',trails
1577,1577,1577,200401170WAS,36.0,3.2,1st quarter,7:29.0,Rashard Lewis,SEA,True,2-pointer,12,5-7,'SEA',trails
1578,1578,1578,200401170WAS,7.2,7.3,1st quarter,6:33.0,Rashard Lewis,SEA,True,2-pointer,17,8-8,'SEA',tied
1579,1579,1579,200401170WAS,6.6,2.2,1st quarter,6:06.0,Ray Allen,SEA,True,2-pointer,18,10-10,'SEA',tied
1580,1580,1580,200401170WAS,25.3,8.1,1st quarter,5:22.0,Ray Allen,SEA,False,2-pointer,3,10-12,'SEA',trails
1581,1581,1581,200401170WAS,0.7,4.1,1st quarter,5:18.0,Vladimir Radmanović,SEA,True,3-pointer,23,13-12,'SEA',leads
1582,1582,1582,200401170WAS,40.6,2.1,1st quarter,4:41.0,Ray Allen,SEA,False,2-pointer,17,13-14,'SEA',trails
1583,1583,1583,200401170WAS,33.2,27.9,1st quarter,3:36.0,Brent Barry,SEA,True,3-pointer,25,16-14,'SEA',leads
1584,1584,1584,200401170WAS,22.4,7.0,1st quarter,2:31.0,Calvin Booth,SEA,False,2-pointer,3,16-16,'SEA',tied
1585,1585,1585,200401170WAS,25.1,9.6,1st quarter,2:19.0,Ronald Murray,SEA,False,2-pointer,5,16-16,'SEA',tied
1586,1586,1586,200401170WAS,26.6,23.7,1st quarter,0:52.9,Vladimir Radmanović,SEA,False,2-pointer,19,18-23,'SEA',trails
1587,1587,1587,200401170WAS,0.7,6.7,1st quarter,0:27.9,Rashard Lewis,SEA,False,3-pointer,23,18-23,'SEA',trails
1588,1588,1588,200401170WAS,9.5,21.3,2nd quarter,11:11.0,Ronald Murray,SEA,False,2-pointer,22,18-27,'SEA',trails
1589,1589,1589,200401170WAS,23.2,5.3,2nd quarter,10:45.0,Ronald Murray,SEA,True,2-pointer,1,20-27,'SEA',trails
1590,1590,1590,200401170WAS,6.1,1.3,2nd quarter,9:48.0,Vitaly Potapenko,SEA,True,2-pointer,18,22-30,'SEA',trails
1591,1591,1591,200401170WAS,0.8,2.4,2nd quarter,8:50.0,Richie Frahm,SEA,False,3-pointer,23,22-30,'SEA',trails
1592,1592,1592,200401170WAS,24.6,5.5,2nd quarter,8:14.0,Vitaly Potapenko,SEA,True,2-pointer,1,24-32,'SEA',trails
1593,1593,1593,200401170WAS,14.3,12.2,2nd quarter,7:46.0,Ronald Murray,SEA,True,2-pointer,12,26-32,'SEA',trails
1594,1594,1594,200401170WAS,31.7,3.1,2nd quarter,7:17.0,Ronald Murray,SEA,True,2-pointer,8,28-34,'SEA',trails
1595,1595,1595,200401170WAS,39.4,3.7,2nd quarter,6:38.0,Ronald Murray,SEA,False,2-pointer,15,28-36,'SEA',trails
1596,1596,1596,200401170WAS,24.0,5.5,2nd quarter,6:34.0,Vitaly Potapenko,SEA,True,2-pointer,1,30-36,'SEA',trails
1597,1597,1597,200401170WAS,22.9,6.0,2nd quarter,5:53.0,Ronald Murray,SEA,True,2-pointer,1,32-36,'SEA',trails
1598,1598,1598,200401170WAS,25.6,5.8,2nd quarter,5:27.0,Ray Allen,SEA,True,2-pointer,2,34-36,'SEA',trails
1599,1599,1599,200401170WAS,47.5,3.2,2nd quarter,4:58.0,Ronald Murray,SEA,False,3-pointer,24,35-38,'SEA',trails
1600,1600,1600,200401170WAS,23.8,4.4,2nd quarter,4:45.0,Antonio Daniels,SEA,True,2-pointer,1,37-38,'SEA',trails
1601,1601,1601,200401170WAS,47.0,1.6,2nd quarter,4:23.0,Ronald Murray,SEA,False,3-pointer,23,37-38,'SEA',trails
1602,1602,1602,200401170WAS,29.7,5.3,2nd quarter,3:48.0,Vitaly Potapenko,SEA,False,2-pointer,6,37-40,'SEA',trails
1603,1603,1603,200401170WAS,47.5,2.7,2nd quarter,3:05.0,Brent Barry,SEA,True,3-pointer,24,40-40,'SEA',tied
1604,1604,1604,200401170WAS,19.9,6.0,2nd quarter,2:16.0,Rashard Lewis,SEA,False,2-pointer,4,40-42,'SEA',trails
1605,1605,1605,200401170WAS,28.7,4.5,2nd quarter,2:00.0,Luke Ridnour,SEA,False,2-pointer,5,40-42,'SEA',trails
1606,1606,1606,200401170WAS,38.4,26.5,2nd quarter,1:34.0,Rashard Lewis,SEA,False,3-pointer,26,40-42,'SEA',trails
1607,1607,1607,200401170WAS,6.8,2.6,2nd quarter,1:01.0,Luke Ridnour,SEA,True,2-pointer,17,42-44,'SEA',trails
1608,1608,1608,200401170WAS,36.3,27.4,2nd quarter,0:28.3,Ray Allen,SEA,True,3-pointer,26,45-45,'SEA',tied
1609,1609,1609,200401170WAS,23.2,28.0,2nd quarter,0:00.3,Rashard Lewis,SEA,False,2-pointer,23,45-45,'SEA',tied
1610,1610,1610,200401170WAS,46.7,2.4,3rd quarter,11:33.0,Rashard Lewis,SEA,False,3-pointer,23,45-45,'SEA',tied
1611,1611,1611,200401170WAS,13.3,2.7,3rd quarter,11:14.0,Ray Allen,SEA,True,2-pointer,11,47-46,'SEA',leads
1612,1612,1612,200401170WAS,17.3,29.3,3rd quarter,9:37.0,Ray Allen,SEA,False,3-pointer,25,47-52,'SEA',trails
1613,1613,1613,200401170WAS,30.6,13.6,3rd quarter,9:06.0,Ray Allen,SEA,True,2-pointer,11,49-54,'SEA',trails
1614,1614,1614,200401170WAS,25.6,30.3,3rd quarter,8:33.0,Rashard Lewis,SEA,False,3-pointer,25,49-56,'SEA',trails
1615,1615,1615,200401170WAS,8.2,26.7,3rd quarter,8:10.0,Brent Barry,SEA,False,3-pointer,27,49-58,'SEA',trails
1616,1616,1616,200401170WAS,22.7,4.4,3rd quarter,7:50.0,Brent Barry,SEA,True,2-pointer,1,51-58,'SEA',trails
1617,1617,1617,200401170WAS,39.9,25.6,3rd quarter,7:25.0,Vladimir Radmanović,SEA,False,3-pointer,26,51-58,'SEA',trails
1618,1618,1618,200401170WAS,5.6,22.9,3rd quarter,6:51.0,Brent Barry,SEA,False,3-pointer,26,51-60,'SEA',trails
1619,1619,1619,200401170WAS,16.8,19.1,3rd quarter,6:06.0,Ray Allen,SEA,False,2-pointer,16,51-62,'SEA',trails
1620,1620,1620,200401170WAS,32.9,11.8,3rd quarter,4:47.0,Ray Allen,SEA,False,2-pointer,11,53-67,'SEA',trails
1621,1621,1621,200401170WAS,4.1,5.3,3rd quarter,4:41.0,Vladimir Radmanović,SEA,False,2-pointer,20,53-67,'SEA',trails
1622,1622,1622,200401170WAS,34.8,17.3,3rd quarter,4:26.0,Ray Allen,SEA,False,2-pointer,16,53-67,'SEA',trails
1623,1623,1623,200401170WAS,24.0,9.6,3rd quarter,4:01.0,Rashard Lewis,SEA,True,2-pointer,5,55-67,'SEA',trails
1624,1624,1624,200401170WAS,33.7,28.3,3rd quarter,3:30.0,Ray Allen,SEA,True,3-pointer,25,58-69,'SEA',trails
1625,1625,1625,200401170WAS,7.2,2.7,3rd quarter,3:02.0,Ronald Murray,SEA,False,2-pointer,17,58-69,'SEA',trails
1626,1626,1626,200401170WAS,24.3,4.4,3rd quarter,2:59.0,Antonio Daniels,SEA,False,2-pointer,1,58-69,'SEA',trails
1627,1627,1627,200401170WAS,7.9,24.9,3rd quarter,2:37.0,Antonio Daniels,SEA,False,3-pointer,26,58-69,'SEA',trails
1628,1628,1628,200401170WAS,24.6,4.4,3rd quarter,2:33.0,Ronald Murray,SEA,False,2-pointer,1,58-69,'SEA',trails
1629,1629,1629,200401170WAS,21.2,31.6,3rd quarter,1:28.0,Ray Allen,SEA,False,3-pointer,27,61-71,'SEA',trails
1630,1630,1630,200401170WAS,29.1,3.2,3rd quarter,1:06.0,Ronald Murray,SEA,False,2-pointer,5,61-71,'SEA',trails
1631,1631,1631,200401170WAS,21.7,5.5,3rd quarter,0:35.9,Calvin Booth,SEA,False,2-pointer,2,61-73,'SEA',trails
1632,1632,1632,200401170WAS,24.3,6.0,3rd quarter,0:15.4,Antonio Daniels,SEA,True,2-pointer,1,63-73,'SEA',trails
1633,1633,1633,200401170WAS,20.4,5.0,4th quarter,11:17.0,Ray Allen,SEA,False,2-pointer,4,63-75,'SEA',trails
1634,1634,1634,200401170WAS,25.5,30.7,4th quarter,10:12.0,Antonio Daniels,SEA,True,3-pointer,26,66-77,'SEA',trails
1635,1635,1635,200401170WAS,24.3,11.6,4th quarter,9:50.0,Ronald Murray,SEA,True,2-pointer,7,68-77,'SEA',trails
1636,1636,1636,200401170WAS,6.8,10.1,4th quarter,9:13.0,Ronald Murray,SEA,False,2-pointer,18,68-79,'SEA',trails
1637,1637,1637,200401170WAS,10.5,19.1,4th quarter,9:07.0,Rashard Lewis,SEA,True,2-pointer,20,70-79,'SEA',trails
1638,1638,1638,200401170WAS,30.2,19.1,4th quarter,8:00.0,Antonio Daniels,SEA,False,2-pointer,15,70-82,'SEA',trails
1639,1639,1639,200401170WAS,24.5,5.0,4th quarter,7:48.0,Antonio Daniels,SEA,True,2-pointer,1,72-82,'SEA',trails
1640,1640,1640,200401170WAS,23.7,6.5,4th quarter,7:05.0,Jerome James,SEA,True,2-pointer,2,74-82,'SEA',trails
1641,1641,1641,200401170WAS,43.5,2.4,4th quarter,6:29.0,Rashard Lewis,SEA,False,2-pointer,20,74-84,'SEA',trails
1642,1642,1642,200401170WAS,-0.1,2.4,4th quarter,5:52.0,Ray Allen,SEA,False,3-pointer,24,74-84,'SEA',trails
1643,1643,1643,200401170WAS,47.0,2.2,4th quarter,5:28.0,Antonio Daniels,SEA,True,3-pointer,23,77-86,'SEA',trails
1644,1644,1644,200401170WAS,13.7,29.2,4th quarter,4:41.0,Rashard Lewis,SEA,False,3-pointer,26,77-88,'SEA',trails
1645,1645,1645,200401170WAS,23.8,9.8,4th quarter,4:11.0,Antonio Daniels,SEA,True,2-pointer,5,79-90,'SEA',trails
1646,1646,1646,200401170WAS,13.0,28.3,4th quarter,3:40.0,Rashard Lewis,SEA,False,3-pointer,26,79-90,'SEA',trails
1647,1647,1647,200401170WAS,21.9,6.2,4th quarter,3:07.0,Ronald Murray,SEA,False,2-pointer,2,79-90,'SEA',trails
1648,1648,1648,200401170WAS,27.4,30.2,4th quarter,2:36.0,Ray Allen,SEA,False,3-pointer,25,79-93,'SEA',trails
1649,1649,1649,200401170WAS,24.0,3.6,4th quarter,1:41.0,Antonio Daniels,SEA,True,2-pointer,1,81-95,'SEA',trails
1650,1650,1650,200401170WAS,43.5,21.9,4th quarter,1:18.0,Ray Allen,SEA,False,3-pointer,26,81-97,'SEA',trails
1651,1651,1651,200401170WAS,44.9,21.0,4th quarter,0:32.9,Antonio Daniels,SEA,False,3-pointer,26,81-97,'SEA',trails
1652,1652,1652,200401170WAS,6.1,24.2,4th quarter,0:09.2,Ronald Murray,SEA,True,3-pointer,26,84-99,'SEA',trails
1653,1653,1653,200401170WAS,42.6,16.2,1st quarter,10:23.0,Jarvis Hayes,WAS,True,2-pointer,22,3-2,'SEA',leads
1654,1654,1654,200401170WAS,8.6,15.2,1st quarter,9:56.0,Larry Hughes,WAS,True,2-pointer,18,5-2,'SEA',leads
1655,1655,1655,200401170WAS,-0.3,3.7,1st quarter,9:29.0,Larry Hughes,WAS,False,3-pointer,24,5-2,'SEA',leads
1656,1656,1656,200401170WAS,37.3,5.5,1st quarter,9:15.0,Kwame Brown,WAS,False,2-pointer,13,5-2,'SEA',leads
1657,1657,1657,200401170WAS,42.6,15.2,1st quarter,8:37.0,Jared Jeffries,WAS,True,2-pointer,21,7-2,'SEA',leads
1658,1658,1658,200401170WAS,39.1,25.9,1st quarter,8:05.0,Larry Hughes,WAS,False,3-pointer,26,7-2,'SEA',leads
1659,1659,1659,200401170WAS,19.2,9.3,1st quarter,7:37.0,Jared Jeffries,WAS,False,2-pointer,6,7-3,'SEA',leads
1660,1660,1660,200401170WAS,24.5,6.0,1st quarter,6:20.0,Larry Hughes,WAS,True,2-pointer,1,10-8,'SEA',leads
1661,1661,1661,200401170WAS,5.8,8.3,1st quarter,5:51.0,Jared Jeffries,WAS,False,2-pointer,19,10-10,'SEA',tied
1662,1662,1662,200401170WAS,41.2,2.4,1st quarter,5:38.0,Larry Hughes,WAS,True,2-pointer,17,12-10,'SEA',leads
1663,1663,1663,200401170WAS,24.8,24.1,1st quarter,4:54.0,Brevin Knight,WAS,True,2-pointer,19,14-13,'SEA',leads
1664,1664,1664,200401170WAS,6.8,16.4,1st quarter,4:34.0,Larry Hughes,WAS,False,2-pointer,21,14-13,'SEA',leads
1665,1665,1665,200401170WAS,24.5,10.6,1st quarter,4:02.0,Kwame Brown,WAS,False,2-pointer,6,14-13,'SEA',leads
1666,1666,1666,200401170WAS,28.7,9.3,1st quarter,3:17.0,Jarvis Hayes,WAS,False,2-pointer,6,14-16,'SEA',trails
1667,1667,1667,200401170WAS,24.0,5.8,1st quarter,3:13.0,Kwame Brown,WAS,True,2-pointer,1,16-16,'SEA',tied
1668,1668,1668,200401170WAS,7.7,3.4,1st quarter,1:55.0,Steve Blake,WAS,True,2-pointer,16,18-16,'SEA',leads
1669,1669,1669,200401170WAS,22.2,6.0,1st quarter,1:30.0,Kwame Brown,WAS,True,2-pointer,2,20-16,'SEA',leads
1670,1670,1670,200401170WAS,6.4,23.1,1st quarter,1:16.0,Juan Dixon,WAS,True,3-pointer,25,23-18,'SEA',leads
1671,1671,1671,200401170WAS,38.0,12.6,1st quarter,0:07.6,Steve Blake,WAS,True,2-pointer,16,25-18,'SEA',leads
1672,1672,1672,200401170WAS,6.1,1.4,2nd quarter,11:23.0,Juan Dixon,WAS,True,2-pointer,18,27-18,'SEA',leads
1673,1673,1673,200401170WAS,23.8,4.7,2nd quarter,10:04.0,Larry Hughes,WAS,True,2-pointer,0,30-20,'SEA',leads
1674,1674,1674,200401170WAS,-0.5,2.9,2nd quarter,9:25.0,Mitchell Butler,WAS,False,3-pointer,25,30-22,'SEA',leads
1675,1675,1675,200401170WAS,24.1,7.2,2nd quarter,9:05.0,Etan Thomas,WAS,False,2-pointer,2,30-22,'SEA',leads
1676,1676,1676,200401170WAS,21.2,6.0,2nd quarter,8:40.0,Larry Hughes,WAS,False,2-pointer,3,30-22,'SEA',leads
1677,1677,1677,200401170WAS,24.0,5.7,2nd quarter,8:37.0,Etan Thomas,WAS,True,2-pointer,1,32-22,'SEA',leads
1678,1678,1678,200401170WAS,22.5,5.8,2nd quarter,7:31.0,Etan Thomas,WAS,True,2-pointer,2,34-26,'SEA',leads
1679,1679,1679,200401170WAS,41.2,19.0,2nd quarter,6:53.0,Juan Dixon,WAS,True,2-pointer,22,36-28,'SEA',leads
1680,1680,1680,200401170WAS,37.3,2.7,2nd quarter,6:22.0,Juan Dixon,WAS,False,2-pointer,14,36-30,'SEA',leads
1681,1681,1681,200401170WAS,21.5,4.5,2nd quarter,6:10.0,Larry Hughes,WAS,False,2-pointer,3,36-30,'SEA',leads
1682,1682,1682,200401170WAS,4.0,1.8,2nd quarter,6:00.0,Larry Hughes,WAS,False,2-pointer,20,36-30,'SEA',leads
1683,1683,1683,200401170WAS,24.0,30.0,2nd quarter,5:37.0,Larry Hughes,WAS,False,3-pointer,25,36-32,'SEA',leads
1684,1684,1684,200401170WAS,22.2,22.8,2nd quarter,4:31.0,Larry Hughes,WAS,False,2-pointer,18,38-37,'SEA',leads
1685,1685,1685,200401170WAS,36.8,0.9,2nd quarter,4:11.0,Jarvis Hayes,WAS,True,2-pointer,13,40-37,'SEA',leads
1686,1686,1686,200401170WAS,39.9,2.2,2nd quarter,2:39.0,Larry Hughes,WAS,False,2-pointer,16,40-40,'SEA',tied
1687,1687,1687,200401170WAS,21.7,5.7,2nd quarter,2:35.0,Etan Thomas,WAS,True,2-pointer,2,42-40,'SEA',leads
1688,1688,1688,200401170WAS,3.8,19.0,2nd quarter,2:08.0,Steve Blake,WAS,False,3-pointer,25,42-40,'SEA',leads
1689,1689,1689,200401170WAS,41.9,7.5,2nd quarter,1:44.0,Jared Jeffries,WAS,False,2-pointer,18,42-40,'SEA',leads
1690,1690,1690,200401170WAS,27.1,8.8,2nd quarter,1:18.0,Etan Thomas,WAS,True,2-pointer,5,44-40,'SEA',leads
1691,1691,1691,200401170WAS,24.0,5.7,3rd quarter,11:48.0,Jarvis Hayes,WAS,False,2-pointer,1,45-45,'SEA',tied
1692,1692,1692,200401170WAS,33.4,9.8,3rd quarter,10:52.0,Larry Hughes,WAS,True,2-pointer,11,48-47,'SEA',leads
1693,1693,1693,200401170WAS,24.1,5.1,3rd quarter,10:33.0,Jarvis Hayes,WAS,True,2-pointer,0,50-47,'SEA',leads
1694,1694,1694,200401170WAS,40.1,17.0,3rd quarter,10:00.0,Brevin Knight,WAS,True,2-pointer,20,52-47,'SEA',leads
1695,1695,1695,200401170WAS,4.3,1.9,3rd quarter,9:20.0,Jarvis Hayes,WAS,True,2-pointer,20,54-47,'SEA',leads
1696,1696,1696,200401170WAS,22.5,4.5,3rd quarter,9:15.0,Larry Hughes,WAS,False,2-pointer,2,54-47,'SEA',leads
1697,1697,1697,200401170WAS,9.7,11.3,3rd quarter,8:50.0,Jared Jeffries,WAS,True,2-pointer,16,56-49,'SEA',leads
1698,1698,1698,200401170WAS,23.8,4.7,3rd quarter,8:26.0,Kwame Brown,WAS,True,2-pointer,0,58-49,'SEA',leads
1699,1699,1699,200401170WAS,23.2,8.5,3rd quarter,7:08.0,Larry Hughes,WAS,True,2-pointer,4,60-51,'SEA',leads
1700,1700,1700,200401170WAS,-0.1,2.7,3rd quarter,5:54.0,Larry Hughes,WAS,True,3-pointer,24,65-51,'SEA',leads
1701,1701,1701,200401170WAS,33.4,6.0,3rd quarter,5:19.0,Jarvis Hayes,WAS,False,2-pointer,9,65-53,'SEA',leads
1702,1702,1702,200401170WAS,18.6,16.7,3rd quarter,5:13.0,Larry Hughes,WAS,False,2-pointer,13,65-53,'SEA',leads
1703,1703,1703,200401170WAS,25.0,4.9,3rd quarter,5:09.0,Juan Dixon,WAS,True,2-pointer,1,67-53,'SEA',leads
1704,1704,1704,200401170WAS,44.2,8.0,3rd quarter,4:18.0,Larry Hughes,WAS,False,2-pointer,20,67-53,'SEA',leads
1705,1705,1705,200401170WAS,27.3,5.8,3rd quarter,3:41.0,Juan Dixon,WAS,True,2-pointer,3,69-55,'SEA',leads
1706,1706,1706,200401170WAS,20.9,5.0,3rd quarter,3:13.0,Kwame Brown,WAS,False,2-pointer,3,69-58,'SEA',leads
1707,1707,1707,200401170WAS,21.4,4.9,3rd quarter,2:20.0,Etan Thomas,WAS,False,2-pointer,3,69-58,'SEA',leads
1708,1708,1708,200401170WAS,23.0,5.7,3rd quarter,2:17.0,Larry Hughes,WAS,True,2-pointer,1,71-58,'SEA',leads
1709,1709,1709,200401170WAS,20.6,30.5,3rd quarter,1:53.0,Juan Dixon,WAS,False,3-pointer,26,71-60,'SEA',leads
1710,1710,1710,200401170WAS,1.0,6.2,3rd quarter,1:22.0,Jarvis Hayes,WAS,False,3-pointer,23,71-61,'SEA',leads
1711,1711,1711,200401170WAS,22.5,5.0,3rd quarter,0:52.7,Jarvis Hayes,WAS,True,2-pointer,2,73-61,'SEA',leads
1712,1712,1712,200401170WAS,3.5,7.0,3rd quarter,0:02.1,Jarvis Hayes,WAS,True,2-pointer,21,75-63,'SEA',leads
1713,1713,1713,200401170WAS,30.2,4.4,4th quarter,10:58.0,Juan Dixon,WAS,False,2-pointer,6,75-63,'SEA',leads
1714,1714,1714,200401170WAS,3.8,2.1,4th quarter,10:27.0,Jarvis Hayes,WAS,True,2-pointer,20,77-63,'SEA',leads
1715,1715,1715,200401170WAS,18.1,21.0,4th quarter,9:58.0,Brevin Knight,WAS,False,2-pointer,17,77-66,'SEA',leads
1716,1716,1716,200401170WAS,22.9,8.0,4th quarter,9:28.0,Kwame Brown,WAS,True,2-pointer,3,79-68,'SEA',leads
1717,1717,1717,200401170WAS,19.9,11.6,4th quarter,8:53.0,Larry Hughes,WAS,True,2-pointer,8,81-70,'SEA',leads
1718,1718,1718,200401170WAS,11.5,20.3,4th quarter,7:27.0,Larry Hughes,WAS,False,2-pointer,20,82-72,'SEA',leads
1719,1719,1719,200401170WAS,24.1,13.7,4th quarter,6:42.0,Etan Thomas,WAS,True,2-pointer,9,84-74,'SEA',leads
1720,1720,1720,200401170WAS,19.9,4.7,4th quarter,6:23.0,Larry Hughes,WAS,False,2-pointer,4,84-74,'SEA',leads
1721,1721,1721,200401170WAS,11.0,22.1,4th quarter,6:19.0,Larry Hughes,WAS,False,2-pointer,21,84-74,'SEA',leads
1722,1722,1722,200401170WAS,23.5,4.4,4th quarter,5:05.0,Jared Jeffries,WAS,True,2-pointer,1,88-77,'SEA',leads
1723,1723,1723,200401170WAS,15.5,19.0,4th quarter,3:15.0,Brevin Knight,WAS,False,2-pointer,16,90-79,'SEA',leads
1724,1724,1724,200401170WAS,23.2,5.3,4th quarter,2:49.0,Kwame Brown,WAS,True,2-pointer,1,93-79,'SEA',leads
1725,1725,1725,200401170WAS,25.0,9.8,4th quarter,2:19.0,Jarvis Hayes,WAS,False,2-pointer,5,93-79,'SEA',leads
1726,1726,1726,200401170WAS,23.2,5.0,4th quarter,1:47.0,Kwame Brown,WAS,True,2-pointer,1,95-79,'SEA',leads
1727,1727,1727,200401170WAS,23.4,6.0,4th quarter,1:31.0,Kwame Brown,WAS,True,2-pointer,1,97-81,'SEA',leads
1728,1728,1728,200401170WAS,25.3,7.6,4th quarter,0:56.9,Steve Blake,WAS,False,2-pointer,3,97-81,'SEA',leads
1729,1729,1729,200401170WAS,6.6,9.9,4th quarter,0:47.9,Jared Jeffries,WAS,False,2-pointer,18,97-81,'SEA',leads
1730,1730,1730,200401170WAS,10.9,2.4,4th quarter,0:18.9,Mitchell Butler,WAS,False,2-pointer,13,97-81,'SEA',leads
1731,1731,1731,200401170WAS,24.0,4.4,4th quarter,0:15.9,Torraye Braggs,WAS,True,2-pointer,1,99-81,'SEA',leads
