,Unnamed: 0.1,Unnamed: 0,match_id,shotX,shotY,quarter,time_remaining,player,team,made,shot_type,distance,score,opp,status
0,0,0,200712200CLE,46.3,4.9,1st quarter,11:26.0,Kobe Bryant,LAL,False,3-pointer,22,0-2,'LAL',trails
1,1,1,200712200CLE,35.5,3.4,1st quarter,10:59.0,Kobe Bryant,LAL,False,2-pointer,12,0-4,'LAL',trails
2,2,2,200712200CLE,24.6,4.5,1st quarter,10:38.0,Lamar Odom,LAL,True,2-pointer,1,2-4,'LAL',trails
3,3,3,200712200CLE,13.5,19.1,1st quarter,10:15.0,Derek Fisher,LAL,True,2-pointer,18,4-4,'LAL',tied
4,4,4,200712200CLE,31.1,12.2,1st quarter,9:34.0,Andrew Bynum,LAL,False,2-pointer,10,4-6,'LAL',trails
5,5,5,200712200CLE,36.5,18.8,1st quarter,8:39.0,Kobe Bryant,LAL,False,2-pointer,19,5-10,'LAL',trails
6,6,6,200712200CLE,6.3,12.9,1st quarter,8:34.0,Luke Walton,LAL,False,2-pointer,19,5-10,'LAL',trails
7,7,7,200712200CLE,47.6,5.0,1st quarter,7:44.0,Derek Fisher,LAL,True,3-pointer,24,8-14,'LAL',trails
8,8,8,200712200CLE,24.5,4.2,1st quarter,7:23.0,Lamar Odom,LAL,True,2-pointer,1,10-14,'LAL',trails
9,9,9,200712200CLE,22.7,9.1,1st quarter,6:57.0,Kobe Bryant,LAL,True,2-pointer,4,12-14,'LAL',trails
10,10,10,200712200CLE,23.8,5.3,1st quarter,6:19.0,Kobe Bryant,LAL,True,2-pointer,0,14-16,'LAL',trails
11,11,11,200712200CLE,25.1,6.2,1st quarter,5:53.0,Lamar Odom,LAL,True,2-pointer,2,16-16,'LAL',tied
12,12,12,200712200CLE,32.0,21.6,1st quarter,4:05.0,Lamar Odom,LAL,True,2-pointer,18,19-20,'LAL',trails
13,13,13,200712200CLE,37.6,12.2,1st quarter,3:29.0,Lamar Odom,LAL,True,2-pointer,15,21-23,'LAL',trails
14,14,14,200712200CLE,38.3,12.9,1st quarter,2:48.0,Kobe Bryant,LAL,True,2-pointer,16,23-23,'LAL',tied
15,15,15,200712200CLE,24.0,5.5,1st quarter,2:02.0,Kobe Bryant,LAL,False,2-pointer,1,24-23,'LAL',leads
16,16,16,200712200CLE,24.8,5.0,1st quarter,0:59.9,Lamar Odom,LAL,True,2-pointer,1,26-25,'LAL',leads
17,17,17,200712200CLE,23.0,8.6,2nd quarter,11:43.0,Andrew Bynum,LAL,False,2-pointer,4,28-28,'LAL',tied
18,18,18,200712200CLE,13.8,12.6,2nd quarter,11:26.0,Andrew Bynum,LAL,False,2-pointer,13,28-28,'LAL',tied
19,19,19,200712200CLE,26.0,6.2,2nd quarter,11:03.0,Lamar Odom,LAL,False,2-pointer,2,28-31,'LAL',trails
20,20,20,200712200CLE,24.6,5.5,2nd quarter,10:29.0,Andrew Bynum,LAL,True,2-pointer,1,30-33,'LAL',trails
21,21,21,200712200CLE,0.7,4.4,2nd quarter,10:03.0,Jordan Farmar,LAL,False,3-pointer,23,30-33,'LAL',trails
22,22,22,200712200CLE,45.5,18.8,2nd quarter,9:26.0,Sasha Vujačić,LAL,False,3-pointer,26,30-33,'LAL',trails
23,23,23,200712200CLE,26.1,6.8,2nd quarter,9:12.0,Trevor Ariza,LAL,False,2-pointer,3,30-33,'LAL',trails
24,24,24,200712200CLE,23.5,3.9,2nd quarter,9:08.0,Andrew Bynum,LAL,True,2-pointer,1,32-33,'LAL',trails
25,25,25,200712200CLE,23.5,6.5,2nd quarter,8:30.0,Jordan Farmar,LAL,True,2-pointer,2,34-35,'LAL',trails
26,26,26,200712200CLE,23.7,4.7,2nd quarter,8:03.0,Trevor Ariza,LAL,True,2-pointer,0,36-37,'LAL',trails
27,27,27,200712200CLE,26.9,6.8,2nd quarter,7:26.0,Andrew Bynum,LAL,False,2-pointer,3,36-37,'LAL',trails
28,28,28,200712200CLE,46.8,9.8,2nd quarter,7:02.0,Jordan Farmar,LAL,True,3-pointer,23,39-38,'LAL',leads
29,29,29,200712200CLE,40.6,8.1,2nd quarter,6:25.0,Kobe Bryant,LAL,False,2-pointer,17,39-39,'LAL',tied
30,30,30,200712200CLE,11.2,15.4,2nd quarter,5:44.0,Derek Fisher,LAL,False,2-pointer,16,39-41,'LAL',trails
31,31,31,200712200CLE,4.1,3.9,2nd quarter,5:08.0,Derek Fisher,LAL,True,2-pointer,20,41-41,'LAL',tied
32,32,32,200712200CLE,24.5,5.3,2nd quarter,4:24.0,Kobe Bryant,LAL,True,2-pointer,1,43-41,'LAL',leads
33,33,33,200712200CLE,23.5,6.3,2nd quarter,3:32.0,Ronny Turiaf,LAL,False,2-pointer,1,44-43,'LAL',leads
34,34,34,200712200CLE,29.4,12.6,2nd quarter,3:07.0,Luke Walton,LAL,True,2-pointer,9,46-45,'LAL',leads
35,35,35,200712200CLE,11.7,10.3,2nd quarter,2:33.0,Lamar Odom,LAL,True,2-pointer,13,48-45,'LAL',leads
36,36,36,200712200CLE,32.2,10.3,2nd quarter,0:33.9,Kobe Bryant,LAL,False,2-pointer,10,53-49,'LAL',leads
37,37,37,200712200CLE,0.5,12.1,2nd quarter,0:19.9,Luke Walton,LAL,False,3-pointer,25,53-49,'LAL',leads
38,38,38,200712200CLE,0.7,4.9,3rd quarter,11:47.0,Lamar Odom,LAL,False,3-pointer,23,53-51,'LAL',leads
39,39,39,200712200CLE,39.6,16.5,3rd quarter,11:23.0,Kobe Bryant,LAL,True,2-pointer,19,55-51,'LAL',leads
40,40,40,200712200CLE,38.8,16.4,3rd quarter,10:40.0,Derek Fisher,LAL,True,2-pointer,19,57-54,'LAL',leads
41,41,41,200712200CLE,34.2,21.6,3rd quarter,10:16.0,Kobe Bryant,LAL,False,2-pointer,19,57-54,'LAL',leads
42,42,42,200712200CLE,28.9,20.3,3rd quarter,9:48.0,Luke Walton,LAL,False,2-pointer,16,57-56,'LAL',leads
43,43,43,200712200CLE,33.2,18.2,3rd quarter,8:56.0,Kobe Bryant,LAL,False,2-pointer,16,57-58,'LAL',trails
44,44,44,200712200CLE,24.1,5.2,3rd quarter,8:25.0,Andrew Bynum,LAL,True,2-pointer,0,59-58,'LAL',leads
45,45,45,200712200CLE,24.6,5.0,3rd quarter,7:48.0,Luke Walton,LAL,True,2-pointer,1,61-58,'LAL',leads
46,46,46,200712200CLE,11.8,14.7,3rd quarter,7:10.0,Andrew Bynum,LAL,True,2-pointer,16,63-61,'LAL',leads
47,47,47,200712200CLE,29.7,21.3,3rd quarter,6:42.0,Kobe Bryant,LAL,True,2-pointer,17,65-61,'LAL',leads
48,48,48,200712200CLE,24.1,4.1,3rd quarter,6:07.0,Andrew Bynum,LAL,True,2-pointer,1,67-63,'LAL',leads
49,49,49,200712200CLE,23.7,5.5,3rd quarter,5:46.0,Derek Fisher,LAL,False,2-pointer,1,67-63,'LAL',leads
50,50,50,200712200CLE,24.1,4.9,3rd quarter,5:46.0,Lamar Odom,LAL,True,2-pointer,0,69-63,'LAL',leads
51,51,51,200712200CLE,6.4,14.9,3rd quarter,5:06.0,Luke Walton,LAL,False,2-pointer,20,70-65,'LAL',leads
52,52,52,200712200CLE,8.9,9.9,3rd quarter,4:41.0,Luke Walton,LAL,True,2-pointer,16,72-65,'LAL',leads
53,53,53,200712200CLE,24.0,5.7,3rd quarter,3:17.0,Derek Fisher,LAL,True,2-pointer,1,76-67,'LAL',leads
54,54,54,200712200CLE,23.0,7.8,3rd quarter,2:48.0,Andrew Bynum,LAL,False,2-pointer,3,76-67,'LAL',leads
55,55,55,200712200CLE,22.7,6.0,3rd quarter,2:15.0,Kobe Bryant,LAL,True,2-pointer,2,78-67,'LAL',leads
56,56,56,200712200CLE,23.2,8.6,3rd quarter,1:34.0,Trevor Ariza,LAL,False,2-pointer,4,78-69,'LAL',leads
57,57,57,200712200CLE,24.6,31.5,3rd quarter,0:46.9,Kobe Bryant,LAL,False,3-pointer,27,78-71,'LAL',leads
58,58,58,200712200CLE,10.7,25.7,4th quarter,11:29.0,Sasha Vujačić,LAL,False,3-pointer,25,78-75,'LAL',leads
59,59,59,200712200CLE,0.5,5.3,4th quarter,10:59.0,Vladimir Radmanović,LAL,False,3-pointer,24,78-78,'LAL',tied
60,60,60,200712200CLE,15.8,28.5,4th quarter,9:58.0,Sasha Vujačić,LAL,False,3-pointer,25,78-82,'LAL',trails
61,61,61,200712200CLE,13.5,41.5,4th quarter,9:32.0,Jordan Farmar,LAL,False,3-pointer,38,78-82,'LAL',trails
62,62,62,200712200CLE,9.1,7.3,4th quarter,9:03.0,Sasha Vujačić,LAL,False,2-pointer,15,78-83,'LAL',trails
63,63,63,200712200CLE,26.3,7.8,4th quarter,7:52.0,Kobe Bryant,LAL,False,2-pointer,4,80-85,'LAL',trails
64,64,64,200712200CLE,24.3,4.7,4th quarter,7:48.0,Andrew Bynum,LAL,False,2-pointer,0,80-85,'LAL',trails
65,65,65,200712200CLE,24.1,4.2,4th quarter,7:45.0,Andrew Bynum,LAL,True,2-pointer,1,82-85,'LAL',trails
66,66,66,200712200CLE,24.6,5.0,4th quarter,7:15.0,Lamar Odom,LAL,True,2-pointer,1,84-86,'LAL',trails
67,67,67,200712200CLE,11.5,12.2,4th quarter,6:33.0,Kobe Bryant,LAL,True,2-pointer,14,86-86,'LAL',tied
68,68,68,200712200CLE,38.4,17.5,4th quarter,5:55.0,Kobe Bryant,LAL,False,2-pointer,19,86-86,'LAL',tied
69,69,69,200712200CLE,7.2,10.6,4th quarter,4:58.0,Derek Fisher,LAL,True,2-pointer,18,88-86,'LAL',leads
70,70,70,200712200CLE,18.6,14.1,4th quarter,4:00.0,Luke Walton,LAL,False,2-pointer,11,88-88,'LAL',tied
71,71,71,200712200CLE,25.1,3.7,4th quarter,3:57.0,Luke Walton,LAL,True,2-pointer,2,90-88,'LAL',leads
72,72,72,200712200CLE,41.2,7.0,4th quarter,3:18.0,Derek Fisher,LAL,False,2-pointer,17,90-88,'LAL',leads
73,73,73,200712200CLE,26.6,26.7,4th quarter,2:35.0,Derek Fisher,LAL,False,2-pointer,22,90-90,'LAL',tied
74,74,74,200712200CLE,36.0,7.6,4th quarter,2:00.0,Luke Walton,LAL,False,2-pointer,12,90-90,'LAL',tied
75,75,75,200712200CLE,7.7,17.7,4th quarter,1:34.0,Kobe Bryant,LAL,False,2-pointer,21,90-92,'LAL',trails
76,76,76,200712200CLE,7.7,27.9,4th quarter,0:54.8,Derek Fisher,LAL,False,3-pointer,28,90-92,'LAL',trails
77,77,77,200712200CLE,47.5,6.2,4th quarter,0:15.9,Lamar Odom,LAL,False,3-pointer,24,90-92,'LAL',trails
78,78,78,200712200CLE,9.1,29.2,4th quarter,0:04.9,Kobe Bryant,LAL,False,3-pointer,28,90-92,'LAL',trails
79,79,79,200712200CLE,8.4,15.0,4th quarter,0:00.0,Kobe Bryant,LAL,False,2-pointer,19,90-94,'LAL',trails
80,80,80,200712200CLE,23.5,5.0,1st quarter,11:14.0,Zydrunas Ilgauskas,CLE,True,2-pointer,1,4-0,'LAL',leads
81,81,81,200712200CLE,32.9,22.3,1st quarter,10:48.0,Daniel Gibson,CLE,False,2-pointer,19,4-0,'LAL',leads
82,82,82,200712200CLE,6.4,13.1,1st quarter,10:22.0,Drew Gooden,CLE,False,2-pointer,19,4-2,'LAL',leads
83,83,83,200712200CLE,1.3,6.2,1st quarter,9:46.0,Drew Gooden,CLE,False,3-pointer,23,4-4,'LAL',tied
84,84,84,200712200CLE,23.7,5.3,1st quarter,9:43.0,Sasha Pavlović,CLE,True,2-pointer,0,6-4,'LAL',leads
85,85,85,200712200CLE,41.6,13.4,1st quarter,8:49.0,LeBron James,CLE,True,2-pointer,20,10-5,'LAL',leads
86,86,86,200712200CLE,23.7,6.2,1st quarter,8:25.0,Sasha Pavlović,CLE,False,2-pointer,1,10-5,'LAL',leads
87,87,87,200712200CLE,24.3,5.3,1st quarter,8:22.0,LeBron James,CLE,True,2-pointer,0,12-5,'LAL',leads
88,88,88,200712200CLE,24.1,5.1,1st quarter,8:10.0,Drew Gooden,CLE,True,2-pointer,0,14-5,'LAL',leads
89,89,89,200712200CLE,33.5,9.3,1st quarter,7:31.0,Drew Gooden,CLE,False,2-pointer,10,14-8,'LAL',leads
90,90,90,200712200CLE,8.7,25.6,1st quarter,7:06.0,LeBron James,CLE,False,3-pointer,26,14-10,'LAL',leads
91,91,91,200712200CLE,31.4,22.4,1st quarter,5:29.0,LeBron James,CLE,False,2-pointer,19,16-16,'LAL',tied
92,92,92,200712200CLE,23.2,27.5,1st quarter,5:02.0,Daniel Gibson,CLE,True,2-pointer,23,18-17,'LAL',leads
93,93,93,200712200CLE,33.2,8.5,1st quarter,4:20.0,LeBron James,CLE,True,2-pointer,10,20-17,'LAL',leads
94,94,94,200712200CLE,20.9,15.0,1st quarter,3:47.0,Anderson Varejão,CLE,False,2-pointer,10,20-19,'LAL',leads
95,95,95,200712200CLE,48.1,5.0,1st quarter,3:41.0,Daniel Gibson,CLE,True,3-pointer,24,23-19,'LAL',leads
96,96,96,200712200CLE,29.9,22.9,1st quarter,3:13.0,Larry Hughes,CLE,False,2-pointer,19,23-21,'LAL',leads
97,97,97,200712200CLE,43.2,6.2,1st quarter,2:12.0,LeBron James,CLE,False,2-pointer,19,23-24,'LAL',trails
98,98,98,200712200CLE,23.4,5.0,1st quarter,1:59.0,LeBron James,CLE,True,2-pointer,1,25-24,'LAL',leads
99,99,99,200712200CLE,47.3,11.3,1st quarter,1:15.0,LeBron James,CLE,False,3-pointer,24,25-24,'LAL',leads
100,100,100,200712200CLE,5.6,11.3,1st quarter,0:40.3,LeBron James,CLE,True,2-pointer,19,27-26,'LAL',leads
101,101,101,200712200CLE,24.3,4.9,2nd quarter,11:14.0,Anderson Varejão,CLE,True,2-pointer,0,30-28,'LAL',leads
102,102,102,200712200CLE,23.8,6.2,2nd quarter,10:54.0,Sasha Pavlović,CLE,True,2-pointer,1,33-28,'LAL',leads
103,103,103,200712200CLE,24.0,12.9,2nd quarter,10:11.0,Larry Hughes,CLE,False,2-pointer,8,33-30,'LAL',leads
104,104,104,200712200CLE,35.3,9.3,2nd quarter,9:44.0,Zydrunas Ilgauskas,CLE,False,2-pointer,12,33-30,'LAL',leads
105,105,105,200712200CLE,17.8,12.6,2nd quarter,8:49.0,Sasha Pavlović,CLE,False,2-pointer,10,33-32,'LAL',leads
106,106,106,200712200CLE,24.5,5.0,2nd quarter,8:47.0,Anderson Varejão,CLE,True,2-pointer,1,35-32,'LAL',leads
107,107,107,200712200CLE,8.7,7.5,2nd quarter,8:13.0,Zydrunas Ilgauskas,CLE,True,2-pointer,16,37-34,'LAL',leads
108,108,108,200712200CLE,23.8,13.7,2nd quarter,7:44.0,Zydrunas Ilgauskas,CLE,False,2-pointer,9,37-36,'LAL',leads
109,109,109,200712200CLE,23.8,5.2,2nd quarter,6:07.0,LeBron James,CLE,True,2-pointer,0,41-39,'LAL',leads
110,110,110,200712200CLE,10.2,18.3,2nd quarter,5:24.0,Larry Hughes,CLE,False,2-pointer,19,41-39,'LAL',leads
111,111,111,200712200CLE,35.0,8.3,2nd quarter,4:56.0,Drew Gooden,CLE,False,2-pointer,11,41-41,'LAL',tied
112,112,112,200712200CLE,5.8,11.1,2nd quarter,4:29.0,Anderson Varejão,CLE,False,2-pointer,19,41-41,'LAL',tied
113,113,113,200712200CLE,22.4,5.8,2nd quarter,3:59.0,Daniel Gibson,CLE,True,2-pointer,2,43-44,'LAL',trails
114,114,114,200712200CLE,22.5,19.6,2nd quarter,2:11.0,LeBron James,CLE,True,2-pointer,15,47-48,'LAL',trails
115,115,115,200712200CLE,35.2,20.5,2nd quarter,1:41.0,Daniel Gibson,CLE,False,2-pointer,19,47-49,'LAL',trails
116,116,116,200712200CLE,23.5,4.1,2nd quarter,1:19.0,Anderson Varejão,CLE,False,2-pointer,1,47-51,'LAL',trails
117,117,117,200712200CLE,41.7,7.8,2nd quarter,0:49.9,LeBron James,CLE,False,2-pointer,18,47-53,'LAL',trails
118,118,118,200712200CLE,25.0,6.3,2nd quarter,0:44.7,LeBron James,CLE,True,2-pointer,2,49-53,'LAL',trails
119,119,119,200712200CLE,23.8,6.0,2nd quarter,0:01.9,Drew Gooden,CLE,True,2-pointer,1,51-53,'LAL',trails
120,120,120,200712200CLE,40.6,5.3,3rd quarter,11:32.0,Drew Gooden,CLE,False,2-pointer,17,51-53,'LAL',trails
121,121,121,200712200CLE,13.0,28.2,3rd quarter,11:03.0,Daniel Gibson,CLE,True,3-pointer,26,54-55,'LAL',trails
122,122,122,200712200CLE,37.3,26.2,3rd quarter,10:24.0,LeBron James,CLE,False,3-pointer,25,54-57,'LAL',trails
123,123,123,200712200CLE,26.0,7.2,3rd quarter,10:06.0,LeBron James,CLE,False,2-pointer,3,54-57,'LAL',trails
124,124,124,200712200CLE,23.5,4.9,3rd quarter,10:04.0,LeBron James,CLE,True,2-pointer,1,56-57,'LAL',trails
125,125,125,200712200CLE,8.6,11.1,3rd quarter,8:47.0,Zydrunas Ilgauskas,CLE,False,2-pointer,17,58-57,'LAL',leads
126,126,126,200712200CLE,9.1,20.0,3rd quarter,7:53.0,LeBron James,CLE,False,2-pointer,21,58-59,'LAL',trails
127,127,127,200712200CLE,30.7,6.5,3rd quarter,7:26.0,Zydrunas Ilgauskas,CLE,True,2-pointer,7,60-61,'LAL',trails
128,128,128,200712200CLE,6.8,12.2,3rd quarter,6:54.0,Drew Gooden,CLE,False,2-pointer,19,61-63,'LAL',trails
129,129,129,200712200CLE,24.8,5.0,3rd quarter,6:19.0,LeBron James,CLE,True,2-pointer,1,63-65,'LAL',trails
130,130,130,200712200CLE,2.0,6.3,3rd quarter,5:28.0,Daniel Gibson,CLE,False,3-pointer,22,63-70,'LAL',trails
131,131,131,200712200CLE,42.4,14.7,3rd quarter,5:21.0,Daniel Gibson,CLE,True,2-pointer,21,65-70,'LAL',trails
132,132,132,200712200CLE,16.0,24.1,3rd quarter,4:15.0,LeBron James,CLE,False,2-pointer,21,65-72,'LAL',trails
133,133,133,200712200CLE,23.0,6.0,3rd quarter,3:43.0,Larry Hughes,CLE,False,2-pointer,1,65-74,'LAL',trails
134,134,134,200712200CLE,23.7,4.1,3rd quarter,3:41.0,Larry Hughes,CLE,True,2-pointer,1,67-74,'LAL',trails
135,135,135,200712200CLE,9.1,17.7,3rd quarter,3:02.0,LeBron James,CLE,False,2-pointer,20,67-76,'LAL',trails
136,136,136,200712200CLE,29.2,12.4,3rd quarter,2:27.0,LeBron James,CLE,False,2-pointer,9,67-76,'LAL',trails
137,137,137,200712200CLE,26.3,6.2,3rd quarter,1:58.0,Anderson Varejão,CLE,False,2-pointer,3,67-78,'LAL',trails
138,138,138,200712200CLE,23.8,4.9,3rd quarter,1:54.0,Anderson Varejão,CLE,True,2-pointer,0,69-78,'LAL',trails
139,139,139,200712200CLE,17.1,17.0,3rd quarter,1:20.0,Larry Hughes,CLE,False,2-pointer,14,69-78,'LAL',trails
140,140,140,200712200CLE,23.5,5.3,3rd quarter,1:02.0,Devin Brown,CLE,True,2-pointer,1,71-78,'LAL',trails
141,141,141,200712200CLE,47.5,6.5,3rd quarter,0:01.9,Ira Newble,CLE,False,3-pointer,24,73-78,'LAL',trails
142,142,142,200712200CLE,24.0,5.2,4th quarter,11:46.0,Larry Hughes,CLE,True,2-pointer,0,75-78,'LAL',trails
143,143,143,200712200CLE,11.2,26.9,4th quarter,11:16.0,Devin Brown,CLE,True,3-pointer,25,78-78,'LAL',tied
144,144,144,200712200CLE,5.6,5.3,4th quarter,10:47.0,Zydrunas Ilgauskas,CLE,True,2-pointer,18,80-78,'LAL',leads
145,145,145,200712200CLE,23.8,5.8,4th quarter,10:16.0,Devin Brown,CLE,True,2-pointer,1,82-78,'LAL',leads
146,146,146,200712200CLE,31.4,12.7,4th quarter,8:42.0,Sasha Pavlović,CLE,False,2-pointer,11,83-80,'LAL',leads
147,147,147,200712200CLE,24.0,5.3,4th quarter,8:39.0,Anderson Varejão,CLE,True,2-pointer,0,85-80,'LAL',leads
148,148,148,200712200CLE,36.6,26.4,4th quarter,8:06.0,Larry Hughes,CLE,False,3-pointer,25,85-80,'LAL',leads
149,149,149,200712200CLE,9.1,12.6,4th quarter,6:53.0,LeBron James,CLE,False,2-pointer,17,86-84,'LAL',leads
150,150,150,200712200CLE,26.1,12.4,4th quarter,6:08.0,LeBron James,CLE,False,2-pointer,8,86-86,'LAL',tied
151,151,151,200712200CLE,22.5,22.8,4th quarter,5:40.0,LeBron James,CLE,False,2-pointer,18,86-86,'LAL',tied
152,152,152,200712200CLE,16.6,15.5,4th quarter,5:22.0,Devin Brown,CLE,False,2-pointer,13,86-86,'LAL',tied
153,153,153,200712200CLE,22.2,5.8,4th quarter,5:08.0,LeBron James,CLE,False,2-pointer,2,86-86,'LAL',tied
154,154,154,200712200CLE,21.7,21.8,4th quarter,4:35.0,Zydrunas Ilgauskas,CLE,False,2-pointer,17,86-88,'LAL',trails
155,155,155,200712200CLE,23.8,5.0,4th quarter,4:18.0,LeBron James,CLE,True,2-pointer,0,88-88,'LAL',tied
156,156,156,200712200CLE,27.3,8.1,4th quarter,3:40.0,Devin Brown,CLE,False,2-pointer,5,88-90,'LAL',trails
157,157,157,200712200CLE,39.1,27.2,4th quarter,2:55.0,Sasha Pavlović,CLE,False,3-pointer,27,88-90,'LAL',trails
158,158,158,200712200CLE,33.4,18.8,4th quarter,2:47.0,LeBron James,CLE,True,2-pointer,17,90-90,'LAL',tied
159,159,159,200712200CLE,47.3,3.9,4th quarter,2:24.0,Daniel Gibson,CLE,False,3-pointer,23,90-90,'LAL',tied
160,160,160,200712200CLE,21.9,26.2,4th quarter,1:12.0,LeBron James,CLE,False,2-pointer,21,92-90,'LAL',leads
161,161,161,200712200CLE,26.1,7.2,4th quarter,0:30.9,LeBron James,CLE,False,2-pointer,3,92-90,'LAL',leads
162,162,162,200712200DEN,24.0,5.0,1st quarter,11:24.0,Yao Ming,HOU,True,2-pointer,0,2-2,'HOU',tied
163,163,163,200712200DEN,47.2,16.5,1st quarter,10:30.0,Luther Head,HOU,False,3-pointer,26,2-2,'HOU',tied
164,164,164,200712200DEN,25.1,26.0,1st quarter,9:47.0,Yao Ming,HOU,False,2-pointer,21,2-4,'HOU',trails
165,165,165,200712200DEN,38.3,20.5,1st quarter,9:27.0,Rafer Alston,HOU,True,2-pointer,21,4-4,'HOU',tied
166,166,166,200712200DEN,24.0,5.0,1st quarter,8:53.0,Shane Battier,HOU,False,2-pointer,0,4-6,'HOU',trails
167,167,167,200712200DEN,24.0,5.0,1st quarter,8:50.0,Luther Head,HOU,False,2-pointer,0,4-6,'HOU',trails
168,168,168,200712200DEN,26.9,32.3,1st quarter,8:41.0,Shane Battier,HOU,False,3-pointer,27,4-6,'HOU',trails
169,169,169,200712200DEN,17.4,13.1,1st quarter,8:11.0,Yao Ming,HOU,True,2-pointer,10,6-7,'HOU',trails
170,170,170,200712200DEN,24.0,5.0,1st quarter,7:48.0,Chuck Hayes,HOU,True,2-pointer,0,8-8,'HOU',tied
171,171,171,200712200DEN,20.4,22.9,1st quarter,7:15.0,Rafer Alston,HOU,True,2-pointer,18,10-10,'HOU',tied
172,172,172,200712200DEN,45.0,18.5,1st quarter,6:49.0,Luther Head,HOU,True,3-pointer,25,13-10,'HOU',leads
173,173,173,200712200DEN,46.7,5.5,1st quarter,6:16.0,Shane Battier,HOU,False,3-pointer,23,13-12,'HOU',leads
174,174,174,200712200DEN,12.5,26.7,1st quarter,6:09.0,Rafer Alston,HOU,True,3-pointer,25,16-12,'HOU',leads
175,175,175,200712200DEN,34.5,7.6,1st quarter,5:38.0,Yao Ming,HOU,False,2-pointer,11,16-12,'HOU',leads
176,176,176,200712200DEN,11.7,27.5,1st quarter,5:08.0,Rafer Alston,HOU,False,3-pointer,26,16-12,'HOU',leads
177,177,177,200712200DEN,43.7,20.3,1st quarter,4:51.0,Shane Battier,HOU,False,3-pointer,25,16-12,'HOU',leads
178,178,178,200712200DEN,48.5,9.5,1st quarter,4:01.0,Luther Head,HOU,True,3-pointer,25,19-14,'HOU',leads
179,179,179,200712200DEN,14.6,21.9,1st quarter,3:37.0,Yao Ming,HOU,False,2-pointer,19,19-14,'HOU',leads
180,180,180,200712200DEN,24.0,5.0,1st quarter,2:56.0,Shane Battier,HOU,True,2-pointer,0,21-14,'HOU',leads
181,181,181,200712200DEN,29.2,14.5,1st quarter,1:48.0,Yao Ming,HOU,True,2-pointer,11,23-14,'HOU',leads
182,182,182,200712200DEN,35.8,18.8,1st quarter,1:17.0,Rafer Alston,HOU,False,2-pointer,18,23-16,'HOU',leads
183,183,183,200712200DEN,23.2,14.2,1st quarter,0:58.9,Luis Scola,HOU,False,2-pointer,9,23-18,'HOU',leads
184,184,184,200712200DEN,12.2,19.6,1st quarter,0:20.9,Mike James,HOU,False,2-pointer,19,23-18,'HOU',leads
185,185,185,200712200DEN,24.0,5.0,2nd quarter,11:46.0,Bonzi Wells,HOU,False,2-pointer,0,23-18,'HOU',leads
186,186,186,200712200DEN,0.2,7.3,2nd quarter,11:40.0,Aaron Brooks,HOU,False,3-pointer,24,23-18,'HOU',leads
187,187,187,200712200DEN,28.7,6.0,2nd quarter,11:28.0,Bonzi Wells,HOU,False,2-pointer,5,23-18,'HOU',leads
188,188,188,200712200DEN,24.0,5.0,2nd quarter,10:52.0,Bonzi Wells,HOU,False,2-pointer,0,23-20,'HOU',leads
189,189,189,200712200DEN,24.0,5.0,2nd quarter,10:50.0,Yao Ming,HOU,True,2-pointer,0,25-20,'HOU',leads
190,190,190,200712200DEN,24.0,5.0,2nd quarter,9:57.0,Luis Scola,HOU,False,2-pointer,0,25-22,'HOU',leads
191,191,191,200712200DEN,4.1,5.3,2nd quarter,9:50.0,Mike James,HOU,True,2-pointer,20,27-22,'HOU',leads
192,192,192,200712200DEN,41.6,17.0,2nd quarter,9:23.0,Mike James,HOU,False,2-pointer,21,27-26,'HOU',leads
193,193,193,200712200DEN,21.7,11.8,2nd quarter,8:58.0,Mike James,HOU,False,2-pointer,7,27-29,'HOU',trails
194,194,194,200712200DEN,6.9,8.1,2nd quarter,8:30.0,Bonzi Wells,HOU,True,2-pointer,17,29-32,'HOU',trails
195,195,195,200712200DEN,1.0,15.5,2nd quarter,8:09.0,Aaron Brooks,HOU,False,3-pointer,25,29-32,'HOU',trails
196,196,196,200712200DEN,39.8,9.5,2nd quarter,8:04.0,Mike James,HOU,False,2-pointer,16,29-32,'HOU',trails
197,197,197,200712200DEN,24.0,5.0,2nd quarter,7:46.0,Aaron Brooks,HOU,False,2-pointer,0,29-32,'HOU',trails
198,198,198,200712200DEN,24.0,5.0,2nd quarter,7:01.0,Luis Scola,HOU,False,2-pointer,0,29-34,'HOU',trails
199,199,199,200712200DEN,4.9,23.1,2nd quarter,6:05.0,Luther Head,HOU,True,3-pointer,26,32-34,'HOU',trails
200,200,200,200712200DEN,40.9,11.9,2nd quarter,5:45.0,Luther Head,HOU,False,2-pointer,18,32-34,'HOU',trails
201,201,201,200712200DEN,24.0,5.0,2nd quarter,5:43.0,Bonzi Wells,HOU,False,2-pointer,0,32-34,'HOU',trails
202,202,202,200712200DEN,3.0,21.6,2nd quarter,5:25.0,Bonzi Wells,HOU,True,3-pointer,27,35-34,'HOU',leads
203,203,203,200712200DEN,4.0,21.8,2nd quarter,4:12.0,Luther Head,HOU,False,3-pointer,26,35-35,'HOU',tied
204,204,204,200712200DEN,40.7,24.7,2nd quarter,3:41.0,Rafer Alston,HOU,False,3-pointer,26,35-37,'HOU',trails
205,205,205,200712200DEN,42.6,22.4,2nd quarter,3:20.0,Rafer Alston,HOU,True,3-pointer,25,38-37,'HOU',leads
206,206,206,200712200DEN,24.0,11.9,2nd quarter,2:45.0,Yao Ming,HOU,False,2-pointer,7,38-38,'HOU',tied
207,207,207,200712200DEN,24.0,5.0,2nd quarter,1:16.0,Rafer Alston,HOU,True,2-pointer,0,41-42,'HOU',trails
208,208,208,200712200DEN,11.0,25.4,2nd quarter,0:46.9,Luther Head,HOU,False,3-pointer,24,41-42,'HOU',trails
209,209,209,200712200DEN,24.0,5.0,2nd quarter,0:36.9,Luther Head,HOU,False,2-pointer,0,41-42,'HOU',trails
210,210,210,200712200DEN,0.3,8.8,3rd quarter,11:34.0,Rafer Alston,HOU,True,3-pointer,24,45-44,'HOU',leads
211,211,211,200712200DEN,19.6,10.1,3rd quarter,10:48.0,Yao Ming,HOU,False,2-pointer,7,46-46,'HOU',tied
212,212,212,200712200DEN,26.3,30.3,3rd quarter,10:12.0,Rafer Alston,HOU,False,3-pointer,25,46-47,'HOU',trails
213,213,213,200712200DEN,24.0,5.0,3rd quarter,9:54.0,Chuck Hayes,HOU,True,2-pointer,0,48-47,'HOU',leads
214,214,214,200712200DEN,39.9,23.1,3rd quarter,8:32.0,Rafer Alston,HOU,False,3-pointer,24,48-51,'HOU',trails
215,215,215,200712200DEN,5.9,24.2,3rd quarter,8:28.0,Shane Battier,HOU,True,3-pointer,26,51-51,'HOU',tied
216,216,216,200712200DEN,40.9,7.3,3rd quarter,7:50.0,Rafer Alston,HOU,False,2-pointer,17,51-51,'HOU',tied
217,217,217,200712200DEN,39.1,24.7,3rd quarter,7:09.0,Shane Battier,HOU,False,3-pointer,25,53-53,'HOU',tied
218,218,218,200712200DEN,31.1,17.5,3rd quarter,6:42.0,Yao Ming,HOU,False,2-pointer,14,53-55,'HOU',trails
219,219,219,200712200DEN,24.0,10.4,3rd quarter,5:40.0,Rafer Alston,HOU,True,2-pointer,5,55-59,'HOU',trails
220,220,220,200712200DEN,24.0,5.0,3rd quarter,4:13.0,Yao Ming,HOU,True,2-pointer,0,59-63,'HOU',trails
221,221,221,200712200DEN,26.4,10.1,3rd quarter,3:00.0,Yao Ming,HOU,False,2-pointer,6,61-67,'HOU',trails
222,222,222,200712200DEN,24.0,5.0,3rd quarter,2:37.0,Shane Battier,HOU,False,2-pointer,0,61-67,'HOU',trails
223,223,223,200712200DEN,3.8,20.3,3rd quarter,2:28.0,Shane Battier,HOU,False,3-pointer,25,61-67,'HOU',trails
224,224,224,200712200DEN,24.0,5.0,3rd quarter,2:24.0,Yao Ming,HOU,True,2-pointer,0,63-67,'HOU',trails
225,225,225,200712200DEN,19.2,29.8,3rd quarter,2:05.0,Shane Battier,HOU,False,3-pointer,25,63-67,'HOU',trails
226,226,226,200712200DEN,7.4,23.9,3rd quarter,1:55.0,Rafer Alston,HOU,False,3-pointer,25,63-67,'HOU',trails
227,227,227,200712200DEN,39.1,8.5,3rd quarter,0:52.7,Yao Ming,HOU,True,2-pointer,16,66-71,'HOU',trails
228,228,228,200712200DEN,15.8,22.1,3rd quarter,0:19.9,Rafer Alston,HOU,False,2-pointer,19,67-73,'HOU',trails
229,229,229,200712200DEN,4.5,5.0,3rd quarter,0:00.0,Aaron Brooks,HOU,True,2-pointer,20,69-73,'HOU',trails
230,230,230,200712200DEN,24.0,5.0,4th quarter,11:38.0,Aaron Brooks,HOU,True,2-pointer,0,71-73,'HOU',trails
231,231,231,200712200DEN,19.9,9.6,4th quarter,10:55.0,Aaron Brooks,HOU,True,2-pointer,6,73-73,'HOU',tied
232,232,232,200712200DEN,29.6,22.6,4th quarter,10:24.0,Luis Scola,HOU,False,2-pointer,18,73-75,'HOU',trails
233,233,233,200712200DEN,24.0,5.0,4th quarter,9:05.0,Rafer Alston,HOU,False,2-pointer,0,74-75,'HOU',trails
234,234,234,200712200DEN,7.4,24.7,4th quarter,7:53.0,Luther Head,HOU,True,3-pointer,26,78-77,'HOU',leads
235,235,235,200712200DEN,24.0,5.0,4th quarter,7:25.0,Aaron Brooks,HOU,True,2-pointer,0,80-79,'HOU',leads
236,236,236,200712200DEN,24.0,5.0,4th quarter,6:27.0,Bonzi Wells,HOU,True,2-pointer,0,83-82,'HOU',leads
237,237,237,200712200DEN,47.8,9.5,4th quarter,5:51.0,Aaron Brooks,HOU,False,3-pointer,24,83-84,'HOU',trails
238,238,238,200712200DEN,14.8,30.5,4th quarter,5:45.0,Luther Head,HOU,False,3-pointer,27,83-84,'HOU',trails
239,239,239,200712200DEN,41.7,22.4,4th quarter,5:40.0,Aaron Brooks,HOU,False,3-pointer,25,83-84,'HOU',trails
240,240,240,200712200DEN,24.0,5.0,4th quarter,5:05.0,Yao Ming,HOU,False,2-pointer,0,83-84,'HOU',trails
241,241,241,200712200DEN,24.0,5.0,4th quarter,4:27.0,Luther Head,HOU,True,2-pointer,0,85-87,'HOU',trails
242,242,242,200712200DEN,38.3,25.6,4th quarter,3:52.0,Rafer Alston,HOU,False,3-pointer,25,85-89,'HOU',trails
243,243,243,200712200DEN,24.0,5.0,4th quarter,2:46.0,Bonzi Wells,HOU,True,2-pointer,0,87-89,'HOU',trails
244,244,244,200712200DEN,24.0,5.0,4th quarter,2:09.0,Yao Ming,HOU,False,2-pointer,0,87-91,'HOU',trails
245,245,245,200712200DEN,40.4,11.1,4th quarter,1:40.0,Bonzi Wells,HOU,True,2-pointer,18,89-94,'HOU',trails
246,246,246,200712200DEN,33.4,11.8,4th quarter,1:02.0,Bonzi Wells,HOU,False,2-pointer,12,89-94,'HOU',trails
247,247,247,200712200DEN,24.0,5.0,4th quarter,1:01.0,Bonzi Wells,HOU,True,2-pointer,0,91-94,'HOU',trails
248,248,248,200712200DEN,4.1,21.6,4th quarter,0:40.4,Luther Head,HOU,True,3-pointer,26,94-94,'HOU',tied
249,249,249,200712200DEN,31.2,17.5,4th quarter,0:00.0,Yao Ming,HOU,False,2-pointer,14,94-94,'HOU',tied
250,250,250,200712200DEN,20.2,30.3,1st overtime,4:36.0,Shane Battier,HOU,True,3-pointer,26,97-94,'HOU',leads
251,251,251,200712200DEN,41.9,9.5,1st overtime,3:08.0,Bonzi Wells,HOU,False,2-pointer,18,97-96,'HOU',leads
252,252,252,200712200DEN,24.0,5.0,1st overtime,2:25.0,Bonzi Wells,HOU,False,2-pointer,0,97-98,'HOU',trails
253,253,253,200712200DEN,20.9,13.4,1st overtime,1:47.0,Luther Head,HOU,True,2-pointer,9,99-100,'HOU',trails
254,254,254,200712200DEN,24.0,5.0,1st overtime,1:16.0,Bonzi Wells,HOU,True,2-pointer,0,101-100,'HOU',leads
255,255,255,200712200DEN,31.1,10.1,1st overtime,0:07.9,Yao Ming,HOU,False,2-pointer,9,102-102,'HOU',tied
256,256,256,200712200DEN,24.0,5.0,2nd overtime,4:23.0,Yao Ming,HOU,True,2-pointer,0,104-103,'HOU',leads
257,257,257,200712200DEN,25.8,30.7,2nd overtime,3:44.0,Luther Head,HOU,False,3-pointer,26,104-103,'HOU',leads
258,258,258,200712200DEN,39.6,9.8,2nd overtime,3:05.0,Yao Ming,HOU,True,2-pointer,16,106-103,'HOU',leads
259,259,259,200712200DEN,18.9,8.6,2nd overtime,2:24.0,Yao Ming,HOU,False,2-pointer,6,106-103,'HOU',leads
260,260,260,200712200DEN,17.9,11.4,2nd overtime,1:49.0,Yao Ming,HOU,False,2-pointer,9,106-103,'HOU',leads
261,261,261,200712200DEN,24.0,5.0,2nd overtime,1:18.0,Rafer Alston,HOU,False,2-pointer,0,106-106,'HOU',tied
262,262,262,200712200DEN,33.0,30.0,2nd overtime,0:36.5,Shane Battier,HOU,True,3-pointer,27,109-108,'HOU',leads
263,263,263,200712200DEN,8.4,26.4,2nd overtime,0:00.2,Bonzi Wells,HOU,False,3-pointer,26,111-112,'HOU',trails
264,264,264,200712200DEN,4.5,8.3,1st quarter,11:43.0,Allen Iverson,DEN,True,2-pointer,20,2-0,'HOU',leads
265,265,265,200712200DEN,41.1,5.2,1st quarter,11:11.0,Carmelo Anthony,DEN,False,2-pointer,17,2-2,'HOU',tied
266,266,266,200712200DEN,24.0,5.0,1st quarter,10:48.0,Kenyon Martin,DEN,False,2-pointer,0,2-2,'HOU',tied
267,267,267,200712200DEN,17.8,9.6,1st quarter,10:10.0,Carmelo Anthony,DEN,False,2-pointer,8,2-2,'HOU',tied
268,268,268,200712200DEN,24.0,5.0,1st quarter,10:09.0,Carmelo Anthony,DEN,False,2-pointer,0,2-2,'HOU',tied
269,269,269,200712200DEN,38.8,17.0,1st quarter,10:02.0,Allen Iverson,DEN,True,2-pointer,19,4-2,'HOU',leads
270,270,270,200712200DEN,8.4,20.0,1st quarter,9:34.0,Anthony Carter,DEN,False,2-pointer,22,4-2,'HOU',leads
271,271,271,200712200DEN,35.8,6.5,1st quarter,9:17.0,Carmelo Anthony,DEN,False,2-pointer,12,4-4,'HOU',tied
272,272,272,200712200DEN,39.6,12.2,1st quarter,9:05.0,Kenyon Martin,DEN,True,2-pointer,17,6-4,'HOU',leads
273,273,273,200712200DEN,25.1,10.8,1st quarter,8:03.0,Kenyon Martin,DEN,False,2-pointer,6,7-6,'HOU',leads
274,274,274,200712200DEN,4.5,12.6,1st quarter,7:36.0,Allen Iverson,DEN,True,2-pointer,21,10-8,'HOU',leads
275,275,275,200712200DEN,33.5,5.3,1st quarter,6:59.0,Kenyon Martin,DEN,False,2-pointer,10,10-10,'HOU',tied
276,276,276,200712200DEN,35.2,18.3,1st quarter,6:32.0,Carmelo Anthony,DEN,True,2-pointer,17,12-13,'HOU',trails
277,277,277,200712200DEN,40.4,5.0,1st quarter,5:54.0,Carmelo Anthony,DEN,False,2-pointer,16,12-16,'HOU',trails
278,278,278,200712200DEN,5.9,9.1,1st quarter,4:59.0,Allen Iverson,DEN,False,2-pointer,19,12-16,'HOU',trails
279,279,279,200712200DEN,13.3,11.1,1st quarter,4:18.0,Allen Iverson,DEN,True,2-pointer,12,14-16,'HOU',trails
280,280,280,200712200DEN,40.6,6.2,1st quarter,3:47.0,Carmelo Anthony,DEN,False,2-pointer,17,14-19,'HOU',trails
281,281,281,200712200DEN,27.6,23.9,1st quarter,3:17.0,Anthony Carter,DEN,False,2-pointer,19,14-19,'HOU',trails
282,282,282,200712200DEN,24.0,5.0,1st quarter,2:39.0,Carmelo Anthony,DEN,False,2-pointer,0,14-21,'HOU',trails
283,283,283,200712200DEN,29.6,9.1,1st quarter,1:33.0,Allen Iverson,DEN,True,2-pointer,7,16-23,'HOU',trails
284,284,284,200712200DEN,38.4,25.7,1st quarter,0:40.8,Linas Kleiza,DEN,False,3-pointer,25,18-23,'HOU',trails
285,285,285,200712200DEN,-0.3,12.1,1st quarter,0:02.0,Chucky Atkins,DEN,False,3-pointer,25,18-23,'HOU',trails
286,286,286,200712200DEN,0.5,8.6,2nd quarter,10:35.0,Chucky Atkins,DEN,False,3-pointer,24,20-25,'HOU',trails
287,287,287,200712200DEN,24.0,5.0,2nd quarter,10:21.0,Chucky Atkins,DEN,True,2-pointer,0,22-25,'HOU',trails
288,288,288,200712200DEN,24.0,5.0,2nd quarter,9:46.0,Allen Iverson,DEN,True,2-pointer,0,24-27,'HOU',trails
289,289,289,200712200DEN,26.9,29.2,2nd quarter,9:13.0,Chucky Atkins,DEN,True,3-pointer,24,29-27,'HOU',leads
290,290,290,200712200DEN,0.3,9.6,2nd quarter,8:49.0,Chucky Atkins,DEN,True,3-pointer,24,32-27,'HOU',leads
291,291,291,200712200DEN,24.3,29.7,2nd quarter,8:15.0,Eduardo Nájera,DEN,False,3-pointer,25,32-29,'HOU',leads
292,292,292,200712200DEN,38.3,9.9,2nd quarter,7:19.0,Carmelo Anthony,DEN,False,2-pointer,15,32-29,'HOU',leads
293,293,293,200712200DEN,6.6,20.8,2nd quarter,6:53.0,Carmelo Anthony,DEN,False,2-pointer,24,34-29,'HOU',leads
294,294,294,200712200DEN,39.3,17.8,2nd quarter,6:21.0,Kenyon Martin,DEN,False,2-pointer,20,34-29,'HOU',leads
295,295,295,200712200DEN,24.0,5.0,2nd quarter,5:51.0,Kenyon Martin,DEN,False,2-pointer,0,34-32,'HOU',leads
296,296,296,200712200DEN,40.1,14.1,2nd quarter,5:36.0,Carmelo Anthony,DEN,False,2-pointer,18,34-32,'HOU',leads
297,297,297,200712200DEN,24.0,5.0,2nd quarter,5:07.0,Carmelo Anthony,DEN,False,2-pointer,0,34-35,'HOU',trails
298,298,298,200712200DEN,23.5,13.6,2nd quarter,4:25.0,Kenyon Martin,DEN,False,2-pointer,9,35-35,'HOU',tied
299,299,299,200712200DEN,24.0,5.0,2nd quarter,4:23.0,Carmelo Anthony,DEN,False,2-pointer,0,35-35,'HOU',tied
300,300,300,200712200DEN,24.0,5.0,2nd quarter,4:21.0,Marcus Camby,DEN,False,2-pointer,0,35-35,'HOU',tied
301,301,301,200712200DEN,24.8,13.4,2nd quarter,4:00.0,Carmelo Anthony,DEN,True,2-pointer,8,37-35,'HOU',leads
302,302,302,200712200DEN,24.0,5.0,2nd quarter,2:28.0,Marcus Camby,DEN,False,2-pointer,0,38-38,'HOU',tied
303,303,303,200712200DEN,4.8,8.1,2nd quarter,2:22.0,Allen Iverson,DEN,True,2-pointer,19,40-38,'HOU',leads
304,304,304,200712200DEN,24.0,5.0,2nd quarter,2:00.0,Marcus Camby,DEN,False,2-pointer,0,40-38,'HOU',leads
305,305,305,200712200DEN,39.3,10.6,2nd quarter,1:56.0,Carmelo Anthony,DEN,False,2-pointer,16,40-38,'HOU',leads
306,306,306,200712200DEN,31.7,8.5,2nd quarter,1:49.0,Allen Iverson,DEN,False,2-pointer,8,40-38,'HOU',leads
307,307,307,200712200DEN,24.0,5.0,2nd quarter,1:47.0,Kenyon Martin,DEN,True,2-pointer,0,42-38,'HOU',leads
308,308,308,200712200DEN,17.9,7.8,2nd quarter,1:07.0,Carmelo Anthony,DEN,False,2-pointer,7,42-41,'HOU',leads
309,309,309,200712200DEN,24.3,14.1,2nd quarter,1:03.0,Kenyon Martin,DEN,False,2-pointer,9,42-41,'HOU',leads
310,310,310,200712200DEN,25.5,13.7,2nd quarter,0:54.9,Marcus Camby,DEN,False,2-pointer,9,42-41,'HOU',leads
311,311,311,200712200DEN,41.2,9.6,2nd quarter,0:29.0,Anthony Carter,DEN,True,2-pointer,18,44-41,'HOU',leads
312,312,312,200712200DEN,43.4,9.9,2nd quarter,0:00.0,Carmelo Anthony,DEN,False,2-pointer,20,44-42,'HOU',leads
313,313,313,200712200DEN,23.0,26.4,3rd quarter,11:15.0,Anthony Carter,DEN,True,2-pointer,21,46-45,'HOU',leads
314,314,314,200712200DEN,24.0,5.0,3rd quarter,10:25.0,Kenyon Martin,DEN,False,2-pointer,0,47-46,'HOU',leads
315,315,315,200712200DEN,1.8,16.2,3rd quarter,9:38.0,Allen Iverson,DEN,False,3-pointer,25,47-48,'HOU',trails
316,316,316,200712200DEN,6.8,12.2,3rd quarter,9:19.0,Carmelo Anthony,DEN,True,2-pointer,19,49-48,'HOU',leads
317,317,317,200712200DEN,40.6,9.0,3rd quarter,8:49.0,Carmelo Anthony,DEN,True,2-pointer,17,51-48,'HOU',leads
318,318,318,200712200DEN,45.0,5.0,3rd quarter,8:15.0,Anthony Carter,DEN,False,2-pointer,21,51-51,'HOU',tied
319,319,319,200712200DEN,24.0,5.0,3rd quarter,7:57.0,Anthony Carter,DEN,False,2-pointer,0,51-51,'HOU',tied
320,320,320,200712200DEN,22.4,26.0,3rd quarter,7:23.0,Allen Iverson,DEN,True,2-pointer,21,53-53,'HOU',tied
321,321,321,200712200DEN,24.0,5.0,3rd quarter,7:04.0,Carmelo Anthony,DEN,True,2-pointer,0,55-53,'HOU',leads
322,322,322,200712200DEN,33.4,17.2,3rd quarter,6:27.0,Allen Iverson,DEN,True,2-pointer,15,57-53,'HOU',leads
323,323,323,200712200DEN,24.0,5.0,3rd quarter,5:56.0,Allen Iverson,DEN,True,2-pointer,0,59-53,'HOU',leads
324,324,324,200712200DEN,40.6,8.6,3rd quarter,5:25.0,Carmelo Anthony,DEN,True,2-pointer,17,61-55,'HOU',leads
325,325,325,200712200DEN,1.0,9.0,3rd quarter,4:31.0,Allen Iverson,DEN,False,3-pointer,23,62-57,'HOU',leads
326,326,326,200712200DEN,24.0,5.0,3rd quarter,4:29.0,Kenyon Martin,DEN,False,2-pointer,0,62-57,'HOU',leads
327,327,327,200712200DEN,24.0,5.0,3rd quarter,3:57.0,Carmelo Anthony,DEN,True,2-pointer,0,65-59,'HOU',leads
328,328,328,200712200DEN,22.4,20.8,3rd quarter,3:22.0,Carmelo Anthony,DEN,True,2-pointer,16,67-61,'HOU',leads
329,329,329,200712200DEN,3.5,9.9,3rd quarter,2:49.0,Allen Iverson,DEN,False,2-pointer,21,67-61,'HOU',leads
330,330,330,200712200DEN,12.2,21.9,3rd quarter,1:47.0,Carmelo Anthony,DEN,True,2-pointer,21,69-63,'HOU',leads
331,331,331,200712200DEN,8.4,21.9,3rd quarter,0:38.4,Carmelo Anthony,DEN,True,2-pointer,23,73-67,'HOU',leads
332,332,332,200712200DEN,24.0,5.0,3rd quarter,0:06.9,Allen Iverson,DEN,False,2-pointer,0,73-67,'HOU',leads
333,333,333,200712200DEN,40.9,11.8,4th quarter,11:20.0,Eduardo Nájera,DEN,False,2-pointer,18,73-71,'HOU',leads
334,334,334,200712200DEN,28.9,8.8,4th quarter,10:46.0,Allen Iverson,DEN,False,2-pointer,6,73-73,'HOU',tied
335,335,335,200712200DEN,24.0,5.0,4th quarter,10:44.0,Eduardo Nájera,DEN,False,2-pointer,0,73-73,'HOU',tied
336,336,336,200712200DEN,24.0,5.0,4th quarter,10:43.0,Carmelo Anthony,DEN,True,2-pointer,0,75-73,'HOU',leads
337,337,337,200712200DEN,44.5,21.0,4th quarter,10:09.0,Chucky Atkins,DEN,False,3-pointer,26,75-73,'HOU',leads
338,338,338,200712200DEN,15.0,21.0,4th quarter,9:37.0,Carmelo Anthony,DEN,False,2-pointer,18,75-74,'HOU',leads
339,339,339,200712200DEN,1.2,18.3,4th quarter,9:12.0,Eduardo Nájera,DEN,False,3-pointer,26,75-74,'HOU',leads
340,340,340,200712200DEN,35.5,6.8,4th quarter,8:56.0,Allen Iverson,DEN,False,2-pointer,12,75-74,'HOU',leads
341,341,341,200712200DEN,33.9,11.0,4th quarter,8:42.0,Allen Iverson,DEN,False,2-pointer,12,75-75,'HOU',tied
342,342,342,200712200DEN,28.9,7.8,4th quarter,7:41.0,Allen Iverson,DEN,False,2-pointer,6,77-78,'HOU',trails
343,343,343,200712200DEN,24.0,5.0,4th quarter,7:39.0,Carmelo Anthony,DEN,True,2-pointer,0,79-78,'HOU',leads
344,344,344,200712200DEN,41.4,22.9,4th quarter,7:09.0,Chucky Atkins,DEN,False,3-pointer,25,79-80,'HOU',trails
345,345,345,200712200DEN,24.0,5.0,4th quarter,6:46.0,Linas Kleiza,DEN,True,2-pointer,0,81-81,'HOU',tied
346,346,346,200712200DEN,31.1,12.7,4th quarter,6:10.0,Allen Iverson,DEN,True,2-pointer,10,84-83,'HOU',leads
347,347,347,200712200DEN,38.4,5.2,4th quarter,5:19.0,Linas Kleiza,DEN,False,2-pointer,14,84-83,'HOU',leads
348,348,348,200712200DEN,-0.3,7.0,4th quarter,4:55.0,Eduardo Nájera,DEN,True,3-pointer,24,87-83,'HOU',leads
349,349,349,200712200DEN,12.8,7.2,4th quarter,4:07.0,Carmelo Anthony,DEN,False,2-pointer,11,87-85,'HOU',leads
350,350,350,200712200DEN,24.0,5.0,4th quarter,3:37.0,Carmelo Anthony,DEN,False,2-pointer,0,89-85,'HOU',leads
351,351,351,200712200DEN,36.3,9.5,4th quarter,3:02.0,Carmelo Anthony,DEN,False,2-pointer,13,89-85,'HOU',leads
352,352,352,200712200DEN,24.0,5.0,4th quarter,3:01.0,Marcus Camby,DEN,False,2-pointer,0,89-85,'HOU',leads
353,353,353,200712200DEN,24.0,5.0,4th quarter,2:32.0,Allen Iverson,DEN,True,2-pointer,0,91-87,'HOU',leads
354,354,354,200712200DEN,23.5,29.3,4th quarter,1:54.0,Eduardo Nájera,DEN,True,3-pointer,24,94-87,'HOU',leads
355,355,355,200712200DEN,0.8,8.0,4th quarter,1:19.0,Eduardo Nájera,DEN,False,3-pointer,23,94-89,'HOU',leads
356,356,356,200712200DEN,13.3,17.8,4th quarter,0:46.9,Allen Iverson,DEN,False,2-pointer,17,94-91,'HOU',leads
357,357,357,200712200DEN,32.2,25.2,4th quarter,0:21.9,Anthony Carter,DEN,False,2-pointer,22,94-94,'HOU',tied
358,358,358,200712200DEN,33.5,22.9,1st overtime,4:07.0,Eduardo Nájera,DEN,False,2-pointer,20,94-97,'HOU',trails
359,359,359,200712200DEN,9.1,25.4,1st overtime,4:00.0,Allen Iverson,DEN,False,3-pointer,25,94-97,'HOU',trails
360,360,360,200712200DEN,24.0,5.0,1st overtime,3:42.0,Marcus Camby,DEN,False,2-pointer,0,94-97,'HOU',trails
361,361,361,200712200DEN,41.1,22.8,1st overtime,3:38.0,Allen Iverson,DEN,False,3-pointer,25,94-97,'HOU',trails
362,362,362,200712200DEN,20.9,23.3,1st overtime,2:46.0,Allen Iverson,DEN,True,2-pointer,19,98-97,'HOU',leads
363,363,363,200712200DEN,24.0,5.0,1st overtime,2:08.0,Carmelo Anthony,DEN,True,2-pointer,0,100-97,'HOU',leads
364,364,364,200712200DEN,14.0,17.7,1st overtime,1:04.0,Allen Iverson,DEN,True,2-pointer,16,102-101,'HOU',leads
365,365,365,200712200DEN,10.0,7.3,1st overtime,0:36.9,Allen Iverson,DEN,False,2-pointer,14,102-102,'HOU',tied
366,366,366,200712200DEN,44.4,23.6,1st overtime,0:32.9,Chucky Atkins,DEN,False,3-pointer,28,102-102,'HOU',tied
367,367,367,200712200DEN,23.2,24.1,1st overtime,0:01.2,Allen Iverson,DEN,False,2-pointer,19,102-102,'HOU',tied
368,368,368,200712200DEN,42.4,24.2,2nd overtime,4:04.0,Chucky Atkins,DEN,False,3-pointer,27,103-104,'HOU',trails
369,369,369,200712200DEN,27.6,20.8,2nd overtime,3:26.0,Allen Iverson,DEN,False,2-pointer,16,103-104,'HOU',trails
370,370,370,200712200DEN,0.5,6.8,2nd overtime,2:44.0,Eduardo Nájera,DEN,False,3-pointer,24,103-106,'HOU',trails
371,371,371,200712200DEN,24.0,5.0,2nd overtime,2:10.0,Eduardo Nájera,DEN,False,2-pointer,0,103-106,'HOU',trails
372,372,372,200712200DEN,24.1,29.8,2nd overtime,1:31.0,Chucky Atkins,DEN,True,3-pointer,25,106-106,'HOU',tied
373,373,373,200712200DEN,27.3,14.5,2nd overtime,0:59.5,Marcus Camby,DEN,True,2-pointer,10,108-106,'HOU',leads
374,374,374,200712200DEN,7.6,12.2,2nd overtime,0:20.1,Chucky Atkins,DEN,True,2-pointer,18,110-109,'HOU',leads
375,375,375,200712200DEN,25.6,19.8,2nd overtime,0:00.8,Anthony Carter,DEN,True,2-pointer,15,112-111,'HOU',leads
376,376,376,200712200MIA,11.8,20.5,1st quarter,11:23.0,Jason Kidd,NJN,False,2-pointer,20,0-0,'MIA',tied
377,377,377,200712200MIA,24.0,5.0,1st quarter,11:07.0,Josh Boone,NJN,False,2-pointer,0,0-0,'MIA',tied
378,378,378,200712200MIA,26.8,7.2,1st quarter,10:21.0,Richard Jefferson,NJN,True,2-pointer,4,2-2,'MIA',tied
379,379,379,200712200MIA,13.5,22.9,1st quarter,9:56.0,Vince Carter,NJN,False,2-pointer,21,3-4,'MIA',trails
380,380,380,200712200MIA,40.9,5.0,1st quarter,9:36.0,Josh Boone,NJN,False,2-pointer,17,3-4,'MIA',trails
381,381,381,200712200MIA,24.0,5.0,1st quarter,9:11.0,Richard Jefferson,NJN,True,2-pointer,0,5-4,'MIA',leads
382,382,382,200712200MIA,9.1,24.6,1st quarter,8:04.0,Jason Kidd,NJN,False,3-pointer,25,5-6,'MIA',trails
383,383,383,200712200MIA,24.0,5.0,1st quarter,7:19.0,Vince Carter,NJN,True,2-pointer,0,7-10,'MIA',trails
384,384,384,200712200MIA,24.5,10.9,1st quarter,6:47.0,Vince Carter,NJN,False,2-pointer,6,7-11,'MIA',trails
385,385,385,200712200MIA,26.9,10.4,1st quarter,5:42.0,Vince Carter,NJN,True,2-pointer,6,11-13,'MIA',trails
386,386,386,200712200MIA,10.4,16.7,1st quarter,5:17.0,Vince Carter,NJN,False,2-pointer,18,11-16,'MIA',trails
387,387,387,200712200MIA,34.8,18.2,1st quarter,4:53.0,Vince Carter,NJN,True,2-pointer,17,13-16,'MIA',trails
388,388,388,200712200MIA,24.0,5.0,1st quarter,4:28.0,Vince Carter,NJN,False,2-pointer,0,13-16,'MIA',trails
389,389,389,200712200MIA,24.0,5.0,1st quarter,4:23.0,Josh Boone,NJN,False,2-pointer,0,13-16,'MIA',trails
390,390,390,200712200MIA,7.9,23.9,1st quarter,3:39.0,Vince Carter,NJN,False,3-pointer,25,13-18,'MIA',trails
391,391,391,200712200MIA,34.5,21.4,1st quarter,3:15.0,Richard Jefferson,NJN,True,2-pointer,19,15-19,'MIA',trails
392,392,392,200712200MIA,24.0,5.0,1st quarter,1:58.0,Antoine Wright,NJN,False,2-pointer,0,17-21,'MIA',trails
393,393,393,200712200MIA,30.6,24.1,1st quarter,0:51.4,Marcus Williams,NJN,False,2-pointer,20,17-21,'MIA',trails
394,394,394,200712200MIA,24.0,5.0,1st quarter,0:49.3,Malik Allen,NJN,True,2-pointer,0,19-21,'MIA',trails
395,395,395,200712200MIA,4.1,5.2,1st quarter,0:10.3,Malik Allen,NJN,True,2-pointer,20,21-21,'MIA',tied
396,396,396,200712200MIA,38.4,19.0,2nd quarter,10:57.0,Malik Allen,NJN,True,2-pointer,20,23-23,'MIA',tied
397,397,397,200712200MIA,42.6,6.3,2nd quarter,10:18.0,Malik Allen,NJN,True,2-pointer,19,25-25,'MIA',tied
398,398,398,200712200MIA,24.5,14.9,2nd quarter,9:39.0,Malik Allen,NJN,False,2-pointer,10,25-25,'MIA',tied
399,399,399,200712200MIA,25.0,18.5,2nd quarter,9:09.0,Malik Allen,NJN,True,2-pointer,14,27-28,'MIA',trails
400,400,400,200712200MIA,24.3,14.2,2nd quarter,8:19.0,Jamaal Magloire,NJN,False,2-pointer,9,27-30,'MIA',trails
401,401,401,200712200MIA,35.5,21.4,2nd quarter,7:41.0,Richard Jefferson,NJN,False,2-pointer,20,27-30,'MIA',trails
402,402,402,200712200MIA,17.6,20.8,2nd quarter,6:40.0,Richard Jefferson,NJN,False,2-pointer,17,27-30,'MIA',trails
403,403,403,200712200MIA,24.0,5.0,2nd quarter,6:11.0,Josh Boone,NJN,True,2-pointer,0,29-30,'MIA',trails
404,404,404,200712200MIA,24.0,5.0,2nd quarter,5:28.0,Jason Kidd,NJN,False,2-pointer,0,29-32,'MIA',trails
405,405,405,200712200MIA,24.0,5.0,2nd quarter,5:08.0,Richard Jefferson,NJN,True,2-pointer,0,31-32,'MIA',trails
406,406,406,200712200MIA,42.9,20.5,2nd quarter,4:33.0,Vince Carter,NJN,True,3-pointer,24,35-34,'MIA',leads
407,407,407,200712200MIA,32.5,13.9,2nd quarter,3:53.0,Antoine Wright,NJN,False,2-pointer,12,35-36,'MIA',trails
408,408,408,200712200MIA,5.3,21.0,2nd quarter,2:25.0,Richard Jefferson,NJN,False,3-pointer,25,35-40,'MIA',trails
409,409,409,200712200MIA,12.0,17.8,2nd quarter,1:45.0,Vince Carter,NJN,False,2-pointer,18,35-42,'MIA',trails
410,410,410,200712200MIA,29.1,24.7,2nd quarter,1:16.0,Richard Jefferson,NJN,True,2-pointer,20,37-44,'MIA',trails
411,411,411,200712200MIA,24.0,5.0,2nd quarter,0:45.9,Josh Boone,NJN,False,2-pointer,0,37-44,'MIA',trails
412,412,412,200712200MIA,24.0,5.0,2nd quarter,0:39.1,Richard Jefferson,NJN,False,2-pointer,0,37-44,'MIA',trails
413,413,413,200712200MIA,24.0,5.0,2nd quarter,0:37.1,Jason Kidd,NJN,True,2-pointer,0,39-44,'MIA',trails
414,414,414,200712200MIA,24.0,5.0,2nd quarter,0:00.1,Vince Carter,NJN,True,2-pointer,0,41-44,'MIA',trails
415,415,415,200712200MIA,36.3,17.3,3rd quarter,11:43.0,Vince Carter,NJN,False,2-pointer,17,41-44,'MIA',trails
416,416,416,200712200MIA,24.0,5.0,3rd quarter,11:40.0,Josh Boone,NJN,True,2-pointer,0,43-44,'MIA',trails
417,417,417,200712200MIA,38.3,21.6,3rd quarter,10:58.0,Jason Kidd,NJN,False,2-pointer,22,44-44,'MIA',tied
418,418,418,200712200MIA,16.0,22.9,3rd quarter,10:12.0,Vince Carter,NJN,True,2-pointer,20,46-46,'MIA',tied
419,419,419,200712200MIA,24.0,5.0,3rd quarter,9:36.0,Vince Carter,NJN,False,2-pointer,0,46-47,'MIA',trails
420,420,420,200712200MIA,24.0,5.0,3rd quarter,9:33.0,Josh Boone,NJN,False,2-pointer,0,46-47,'MIA',trails
421,421,421,200712200MIA,24.0,5.0,3rd quarter,9:30.0,Vince Carter,NJN,False,2-pointer,0,46-47,'MIA',trails
422,422,422,200712200MIA,24.0,5.0,3rd quarter,9:27.0,Josh Boone,NJN,True,2-pointer,0,48-47,'MIA',leads
423,423,423,200712200MIA,21.2,8.3,3rd quarter,9:00.0,Richard Jefferson,NJN,False,2-pointer,4,48-47,'MIA',leads
424,424,424,200712200MIA,23.0,17.5,3rd quarter,8:24.0,Richard Jefferson,NJN,True,2-pointer,13,50-49,'MIA',leads
425,425,425,200712200MIA,24.0,5.0,3rd quarter,8:02.0,Jason Kidd,NJN,False,2-pointer,0,50-49,'MIA',leads
426,426,426,200712200MIA,36.8,6.8,3rd quarter,6:51.0,Vince Carter,NJN,False,2-pointer,13,51-54,'MIA',trails
427,427,427,200712200MIA,24.0,5.0,3rd quarter,6:10.0,Richard Jefferson,NJN,True,2-pointer,0,53-56,'MIA',trails
428,428,428,200712200MIA,2.5,17.0,3rd quarter,5:39.0,Antoine Wright,NJN,False,3-pointer,25,54-58,'MIA',trails
429,429,429,200712200MIA,24.0,5.0,3rd quarter,4:33.0,Antoine Wright,NJN,False,2-pointer,0,55-62,'MIA',trails
430,430,430,200712200MIA,24.0,5.0,3rd quarter,4:06.0,Antoine Wright,NJN,True,2-pointer,0,57-64,'MIA',trails
431,431,431,200712200MIA,28.6,8.0,3rd quarter,3:30.0,Sean Williams,NJN,False,2-pointer,5,57-64,'MIA',trails
432,432,432,200712200MIA,9.4,16.4,3rd quarter,3:01.0,Antoine Wright,NJN,False,2-pointer,19,57-64,'MIA',trails
433,433,433,200712200MIA,24.0,5.0,3rd quarter,2:57.0,Sean Williams,NJN,True,2-pointer,0,59-64,'MIA',trails
434,434,434,200712200MIA,24.0,5.0,3rd quarter,2:07.0,Sean Williams,NJN,True,2-pointer,0,62-64,'MIA',trails
435,435,435,200712200MIA,34.0,23.3,3rd quarter,1:18.0,Richard Jefferson,NJN,False,2-pointer,21,62-66,'MIA',trails
436,436,436,200712200MIA,29.9,10.3,3rd quarter,0:49.9,Vince Carter,NJN,False,2-pointer,8,62-68,'MIA',trails
437,437,437,200712200MIA,46.7,8.6,3rd quarter,0:01.9,Antoine Wright,NJN,False,3-pointer,23,64-70,'MIA',trails
438,438,438,200712200MIA,24.0,5.0,3rd quarter,0:00.3,Jason Collins,NJN,True,2-pointer,0,66-70,'MIA',trails
439,439,439,200712200MIA,6.8,15.7,4th quarter,11:29.0,Malik Allen,NJN,True,2-pointer,20,68-71,'MIA',trails
440,440,440,200712200MIA,24.0,5.0,4th quarter,10:50.0,Marcus Williams,NJN,False,2-pointer,0,68-71,'MIA',trails
441,441,441,200712200MIA,24.0,5.0,4th quarter,10:21.0,Vince Carter,NJN,False,2-pointer,0,68-73,'MIA',trails
442,442,442,200712200MIA,0.0,5.8,4th quarter,10:09.0,Marcus Williams,NJN,True,3-pointer,24,71-73,'MIA',trails
443,443,443,200712200MIA,25.6,12.1,4th quarter,9:08.0,Sean Williams,NJN,False,2-pointer,7,73-77,'MIA',trails
444,444,444,200712200MIA,23.8,29.5,4th quarter,9:05.0,Marcus Williams,NJN,False,3-pointer,25,73-77,'MIA',trails
445,445,445,200712200MIA,18.6,8.3,4th quarter,7:57.0,Jason Kidd,NJN,True,2-pointer,6,75-77,'MIA',trails
446,446,446,200712200MIA,6.6,7.5,4th quarter,7:15.0,Malik Allen,NJN,True,2-pointer,18,77-77,'MIA',tied
447,447,447,200712200MIA,5.1,5.3,4th quarter,6:40.0,Malik Allen,NJN,False,2-pointer,19,77-80,'MIA',trails
448,448,448,200712200MIA,24.0,5.0,4th quarter,6:09.0,Vince Carter,NJN,False,2-pointer,0,77-83,'MIA',trails
449,449,449,200712200MIA,24.0,5.0,4th quarter,6:07.0,Josh Boone,NJN,False,2-pointer,0,77-83,'MIA',trails
450,450,450,200712200MIA,16.6,19.0,4th quarter,5:17.0,Vince Carter,NJN,True,2-pointer,16,79-83,'MIA',trails
451,451,451,200712200MIA,13.5,19.8,4th quarter,4:13.0,Richard Jefferson,NJN,True,2-pointer,18,81-86,'MIA',trails
452,452,452,200712200MIA,4.1,20.3,4th quarter,3:31.0,Vince Carter,NJN,True,3-pointer,25,84-86,'MIA',trails
453,453,453,200712200MIA,19.4,10.9,4th quarter,2:59.0,Richard Jefferson,NJN,True,2-pointer,7,86-88,'MIA',trails
454,454,454,200712200MIA,9.4,17.2,4th quarter,2:18.0,Malik Allen,NJN,True,2-pointer,19,89-88,'MIA',leads
455,455,455,200712200MIA,43.7,19.5,4th quarter,0:10.0,Vince Carter,NJN,True,3-pointer,24,94-92,'MIA',leads
456,456,456,200712200MIA,24.0,5.0,1st overtime,4:00.0,Richard Jefferson,NJN,False,2-pointer,0,94-96,'MIA',trails
457,457,457,200712200MIA,24.0,5.0,1st overtime,3:57.0,Josh Boone,NJN,True,2-pointer,0,96-96,'MIA',tied
458,458,458,200712200MIA,24.0,5.0,1st overtime,3:21.0,Richard Jefferson,NJN,True,2-pointer,0,98-96,'MIA',leads
459,459,459,200712200MIA,3.8,6.0,1st overtime,2:45.0,Malik Allen,NJN,True,2-pointer,20,100-98,'MIA',leads
460,460,460,200712200MIA,24.0,5.0,1st overtime,2:17.0,Josh Boone,NJN,True,2-pointer,0,102-98,'MIA',leads
461,461,461,200712200MIA,-0.1,5.8,1st overtime,0:58.9,Vince Carter,NJN,False,3-pointer,24,103-99,'MIA',leads
462,462,462,200712200MIA,24.0,5.0,1st overtime,0:36.9,Richard Jefferson,NJN,False,2-pointer,0,103-101,'MIA',leads
463,463,463,200712200MIA,14.0,22.6,1st quarter,11:44.0,Dorell Wright,MIA,False,2-pointer,20,0-0,'MIA',tied
464,464,464,200712200MIA,24.0,5.0,1st quarter,10:51.0,Shaquille O'Neal,MIA,True,2-pointer,0,2-0,'MIA',leads
465,465,465,200712200MIA,23.8,19.0,1st quarter,10:07.0,Udonis Haslem,MIA,True,2-pointer,14,4-3,'MIA',leads
466,466,466,200712200MIA,4.6,21.0,1st quarter,9:14.0,Chris Quinn,MIA,False,3-pointer,25,4-3,'MIA',leads
467,467,467,200712200MIA,18.3,15.0,1st quarter,8:44.0,Jason Williams,MIA,False,2-pointer,12,4-5,'MIA',trails
468,468,468,200712200MIA,4.1,4.1,1st quarter,7:57.0,Dorell Wright,MIA,True,2-pointer,20,8-5,'MIA',leads
469,469,469,200712200MIA,24.0,5.0,1st quarter,7:36.0,Dwyane Wade,MIA,True,2-pointer,0,10-5,'MIA',leads
470,470,470,200712200MIA,32.5,19.0,1st quarter,6:16.0,Udonis Haslem,MIA,False,2-pointer,16,11-9,'MIA',leads
471,471,471,200712200MIA,24.0,5.0,1st quarter,6:14.0,Dorell Wright,MIA,False,2-pointer,0,11-9,'MIA',leads
472,472,472,200712200MIA,45.3,3.7,1st quarter,6:01.0,Dorell Wright,MIA,True,2-pointer,21,13-9,'MIA',leads
473,473,473,200712200MIA,24.0,5.0,1st quarter,5:29.0,Dwyane Wade,MIA,True,2-pointer,0,15-11,'MIA',leads
474,474,474,200712200MIA,11.4,20.6,1st quarter,4:38.0,Dorell Wright,MIA,False,2-pointer,20,16-13,'MIA',leads
475,475,475,200712200MIA,24.0,5.0,1st quarter,4:01.0,Udonis Haslem,MIA,True,2-pointer,0,18-13,'MIA',leads
476,476,476,200712200MIA,35.2,19.0,1st quarter,2:53.0,Earl Barron,MIA,False,2-pointer,18,19-15,'MIA',leads
477,477,477,200712200MIA,6.9,5.0,1st quarter,2:46.0,Dwyane Wade,MIA,True,2-pointer,17,21-15,'MIA',leads
478,478,478,200712200MIA,17.6,7.3,1st quarter,2:06.0,Udonis Haslem,MIA,False,2-pointer,7,21-17,'MIA',leads
479,479,479,200712200MIA,28.3,7.0,1st quarter,1:34.0,Udonis Haslem,MIA,False,2-pointer,5,21-17,'MIA',leads
480,480,480,200712200MIA,37.5,22.4,1st quarter,1:12.0,Ricky Davis,MIA,False,2-pointer,22,21-17,'MIA',leads
481,481,481,200712200MIA,11.7,23.6,1st quarter,0:01.2,Udonis Haslem,MIA,False,2-pointer,22,21-21,'MIA',tied
482,482,482,200712200MIA,24.0,5.0,2nd quarter,11:17.0,Dorell Wright,MIA,True,2-pointer,0,23-21,'MIA',leads
483,483,483,200712200MIA,24.0,5.0,2nd quarter,10:37.0,Earl Barron,MIA,True,2-pointer,0,25-23,'MIA',leads
484,484,484,200712200MIA,20.9,7.0,2nd quarter,10:00.0,Shaquille O'Neal,MIA,False,2-pointer,4,25-25,'MIA',tied
485,485,485,200712200MIA,4.6,11.3,2nd quarter,9:30.0,Earl Barron,MIA,False,2-pointer,20,25-25,'MIA',tied
486,486,486,200712200MIA,27.6,9.1,2nd quarter,9:28.0,Dorell Wright,MIA,True,2-pointer,5,27-25,'MIA',leads
487,487,487,200712200MIA,24.0,5.0,2nd quarter,8:41.0,Shaquille O'Neal,MIA,True,2-pointer,0,30-27,'MIA',leads
488,488,488,200712200MIA,10.4,13.4,2nd quarter,8:00.0,Jason Williams,MIA,False,2-pointer,16,30-27,'MIA',leads
489,489,489,200712200MIA,24.3,16.5,2nd quarter,7:18.0,Shaquille O'Neal,MIA,False,2-pointer,12,30-27,'MIA',leads
490,490,490,200712200MIA,41.7,21.9,2nd quarter,6:29.0,Ricky Davis,MIA,False,3-pointer,24,30-27,'MIA',leads
491,491,491,200712200MIA,7.4,19.6,2nd quarter,5:41.0,Dwyane Wade,MIA,True,2-pointer,22,32-29,'MIA',leads
492,492,492,200712200MIA,44.2,2.2,2nd quarter,5:15.0,Ricky Davis,MIA,False,2-pointer,20,32-29,'MIA',leads
493,493,493,200712200MIA,27.3,9.9,2nd quarter,5:09.0,Dorell Wright,MIA,False,2-pointer,6,32-29,'MIA',leads
494,494,494,200712200MIA,14.1,19.5,2nd quarter,4:52.0,Dwyane Wade,MIA,True,2-pointer,18,34-32,'MIA',leads
495,495,495,200712200MIA,44.7,5.5,2nd quarter,4:13.0,Dorell Wright,MIA,True,2-pointer,21,36-35,'MIA',leads
496,496,496,200712200MIA,24.0,5.0,2nd quarter,3:39.0,Dwyane Wade,MIA,False,2-pointer,0,36-35,'MIA',leads
497,497,497,200712200MIA,31.4,8.1,2nd quarter,2:49.0,Shaquille O'Neal,MIA,True,2-pointer,8,40-35,'MIA',leads
498,498,498,200712200MIA,24.0,5.0,2nd quarter,2:03.0,Udonis Haslem,MIA,True,2-pointer,0,42-35,'MIA',leads
499,499,499,200712200MIA,42.9,6.0,2nd quarter,1:31.0,Udonis Haslem,MIA,True,2-pointer,19,44-35,'MIA',leads
500,500,500,200712200MIA,40.6,23.9,2nd quarter,0:51.9,Daequan Cook,MIA,False,3-pointer,25,44-37,'MIA',leads
501,501,501,200712200MIA,30.1,11.4,2nd quarter,0:22.9,Dwyane Wade,MIA,False,2-pointer,9,44-39,'MIA',leads
502,502,502,200712200MIA,38.3,24.7,3rd quarter,11:19.0,Ricky Davis,MIA,False,3-pointer,24,44-43,'MIA',leads
503,503,503,200712200MIA,24.0,5.0,3rd quarter,10:43.0,Shaquille O'Neal,MIA,True,2-pointer,0,46-44,'MIA',leads
504,504,504,200712200MIA,39.1,18.0,3rd quarter,9:18.0,Ricky Davis,MIA,False,2-pointer,20,47-48,'MIA',trails
505,505,505,200712200MIA,36.3,19.1,3rd quarter,8:44.0,Ricky Davis,MIA,False,2-pointer,19,47-48,'MIA',trails
506,506,506,200712200MIA,24.0,5.0,3rd quarter,8:40.0,Ricky Davis,MIA,False,2-pointer,0,47-48,'MIA',trails
507,507,507,200712200MIA,24.0,5.0,3rd quarter,8:37.0,Udonis Haslem,MIA,False,2-pointer,0,47-48,'MIA',trails
508,508,508,200712200MIA,24.0,5.0,3rd quarter,8:35.0,Ricky Davis,MIA,True,2-pointer,0,49-48,'MIA',leads
509,509,509,200712200MIA,18.6,23.7,3rd quarter,7:39.0,Dwyane Wade,MIA,True,2-pointer,19,51-50,'MIA',leads
510,510,510,200712200MIA,24.0,5.0,3rd quarter,7:11.0,Dwyane Wade,MIA,True,2-pointer,0,53-51,'MIA',leads
511,511,511,200712200MIA,17.3,25.9,3rd quarter,6:27.0,Dwyane Wade,MIA,True,2-pointer,22,56-51,'MIA',leads
512,512,512,200712200MIA,13.0,19.5,3rd quarter,5:50.0,Ricky Davis,MIA,True,2-pointer,18,58-54,'MIA',leads
513,513,513,200712200MIA,24.0,5.0,3rd quarter,5:22.0,Dwyane Wade,MIA,True,2-pointer,0,60-54,'MIA',leads
514,514,514,200712200MIA,10.5,20.8,3rd quarter,4:47.0,Dwyane Wade,MIA,True,2-pointer,21,62-55,'MIA',leads
515,515,515,200712200MIA,16.3,17.3,3rd quarter,4:20.0,Dwyane Wade,MIA,True,2-pointer,15,64-55,'MIA',leads
516,516,516,200712200MIA,8.1,18.7,3rd quarter,3:44.0,Dwyane Wade,MIA,False,2-pointer,21,64-57,'MIA',leads
517,517,517,200712200MIA,28.9,16.5,3rd quarter,2:37.0,Udonis Haslem,MIA,False,2-pointer,13,64-59,'MIA',leads
518,518,518,200712200MIA,9.1,26.0,3rd quarter,2:14.0,Jason Williams,MIA,False,3-pointer,26,64-60,'MIA',leads
519,519,519,200712200MIA,33.4,23.1,3rd quarter,1:33.0,Ricky Davis,MIA,True,2-pointer,20,66-62,'MIA',leads
520,520,520,200712200MIA,24.0,5.0,3rd quarter,1:12.0,Dwyane Wade,MIA,True,2-pointer,0,68-62,'MIA',leads
521,521,521,200712200MIA,39.6,23.3,3rd quarter,0:23.8,Daequan Cook,MIA,False,3-pointer,24,70-64,'MIA',leads
522,522,522,200712200MIA,25.0,22.1,4th quarter,10:37.0,Earl Barron,MIA,True,2-pointer,17,73-68,'MIA',leads
523,523,523,200712200MIA,42.9,14.5,4th quarter,9:55.0,Dorell Wright,MIA,True,2-pointer,21,75-71,'MIA',leads
524,524,524,200712200MIA,41.2,7.0,4th quarter,9:22.0,Udonis Haslem,MIA,True,2-pointer,17,77-73,'MIA',leads
525,525,525,200712200MIA,42.4,6.7,4th quarter,8:17.0,Ricky Davis,MIA,False,2-pointer,18,77-73,'MIA',leads
526,526,526,200712200MIA,14.3,20.5,4th quarter,7:33.0,Dwyane Wade,MIA,False,2-pointer,18,77-75,'MIA',leads
527,527,527,200712200MIA,24.5,29.2,4th quarter,6:56.0,Jason Williams,MIA,True,3-pointer,24,80-77,'MIA',leads
528,528,528,200712200MIA,40.3,23.3,4th quarter,6:31.0,Dwyane Wade,MIA,True,3-pointer,25,83-77,'MIA',leads
529,529,529,200712200MIA,41.9,6.8,4th quarter,5:43.0,Dwyane Wade,MIA,False,2-pointer,18,83-77,'MIA',leads
530,530,530,200712200MIA,2.5,19.1,4th quarter,4:52.0,Jason Williams,MIA,True,3-pointer,26,86-79,'MIA',leads
531,531,531,200712200MIA,17.6,7.6,4th quarter,3:53.0,Shaquille O'Neal,MIA,False,2-pointer,7,86-81,'MIA',leads
532,532,532,200712200MIA,9.5,17.3,4th quarter,3:15.0,Dwyane Wade,MIA,True,2-pointer,19,88-84,'MIA',leads
533,533,533,200712200MIA,4.0,6.8,4th quarter,2:40.0,Dwyane Wade,MIA,False,2-pointer,20,88-87,'MIA',leads
534,534,534,200712200MIA,13.2,11.9,4th quarter,0:22.9,Udonis Haslem,MIA,False,2-pointer,13,92-91,'MIA',leads
535,535,535,200712200MIA,29.2,20.8,4th quarter,0:00.4,Udonis Haslem,MIA,True,2-pointer,17,94-94,'MIA',tied
536,536,536,200712200MIA,43.0,21.0,1st overtime,4:35.0,Ricky Davis,MIA,False,3-pointer,25,94-94,'MIA',tied
537,537,537,200712200MIA,24.0,5.0,1st overtime,4:14.0,Dwyane Wade,MIA,True,2-pointer,0,96-94,'MIA',leads
538,538,538,200712200MIA,14.8,20.6,1st overtime,3:03.0,Ricky Davis,MIA,True,2-pointer,18,98-98,'MIA',tied
539,539,539,200712200MIA,5.6,23.1,1st overtime,2:24.0,Jason Williams,MIA,False,3-pointer,26,98-100,'MIA',trails
540,540,540,200712200MIA,43.5,5.5,1st overtime,1:20.0,Dorell Wright,MIA,False,2-pointer,20,99-103,'MIA',trails
541,541,541,200712200MIA,29.2,7.6,1st overtime,0:50.2,Dwyane Wade,MIA,False,2-pointer,6,99-103,'MIA',trails
542,542,542,200712200MIA,24.0,5.0,1st overtime,0:19.9,Udonis Haslem,MIA,False,2-pointer,0,101-103,'MIA',trails
543,543,543,200712200MIA,14.5,27.7,1st overtime,0:13.9,Ricky Davis,MIA,False,3-pointer,25,101-105,'MIA',trails
544,544,544,200712200MIA,24.0,5.0,1st overtime,0:11.7,Udonis Haslem,MIA,True,2-pointer,0,103-105,'MIA',trails
545,545,545,200712200MIA,16.5,30.0,1st overtime,0:06.9,Daequan Cook,MIA,False,3-pointer,26,103-107,'MIA',trails
546,546,546,200712200MIA,21.4,10.9,1st overtime,0:04.9,Udonis Haslem,MIA,False,2-pointer,6,103-107,'MIA',trails
547,547,547,200712200MIA,24.0,5.0,1st overtime,0:02.9,Dwyane Wade,MIA,False,2-pointer,0,103-107,'MIA',trails
548,548,548,200712200MIA,27.1,10.9,1st overtime,0:01.0,Udonis Haslem,MIA,False,2-pointer,7,103-107,'MIA',trails
